------------------------------------------------------------------------------------------------------------------------------------------------------------------------------------------------------------------------------------------------------------------------
Last, First                    08/01       08/02       08/03       08/04       08/05       08/06       08/07       08/08       08/09       08/10       08/11       08/12       08/13       08/14       08/15       08/16       08/17       08/18       08/19       08/20
------------------------------------------------------------------------------------------------------------------------------------------------------------------------------------------------------------------------------------------------------------------------
Adams, Keith                     411       67416         953         102         345        8487        7077        8700        3792         202       60840       41534         235       63533       54478       18223       31297       49971       24383         750
Alexander, Carlos              49563         168         893        7212         479         211       40795        9057        4351         798        2653       86801         935       34523        6816       60625        7725       56608       80483       70768
Allen, Amanda                  87409        9456       77186         455       66757         887         819        9611        7860         765       76770        2552       85135        7853       50629        8448       87420         738       78503        2236
Anderson, Debra                  581        3460       78377         325         941        5741       42166       30316       35790         481        4876         622         334        3865         586         829        7025         949       52292         644
Bailey, Catherine              50629       59465       63533       34523       73539       28766       87692        1169         297       27850       80752        8113       27124         710         993        7589        4848        6667         269       67341
Baker, Craig                    4820         765        9181        1302         135       64117        8135        4438         498       54151       66904        7958        9190        5081       64042         399        5511       42960        2451        2454
Barnes, Sean                   75204         680       92861        5179       10490       52450        2717        5526         727         666        9468        6299        1916       53931       23114        1564       62102        9056         984        6631
Bell, Kathryn                   4833       76353       12201         354         806        3494       93350       10266       67341        7077        6461       26902         871        6884         704        8599        1809        3579         615         786
Bennett, Nancy                  7010        6742        5859         956         834       15711        7181        3155         381        2476         140       24301         479       30973         956         522         406       70768         311        3174
Brooks, Carol                    876         618       78953        4241         125       89089        5511       49971        9290         893        4656       50487         176       72081        5572         509       61804        3491         721         391
Brown, Robert                  52292       24383         472        7711        2538        8896        8889        3201         938        2115         938         968       67125         542         470       12469         680         986        5571       27124
Bryant, Evelyn                 69790       47409         999         537       22096         572         268        4176         391         443       15011         954        7212         840        9554         463       74867       31711         829       29748
Butler, Julia                  76286       69641         980         786        8800       80606       79630       31711         124        1952       24102         774       55646       18958         633         896        8238         960       81929        3188
Campbell, Eugene                6692         802         644        6259         625         960        4876       27850         833         806         365        5936        6403       21440       68230         946        2219       72786         592         857
Carter, Sarah                   4303       21006       50637         721        9468         900       52954         585        2236        4712         599         878        7276         319        9115         941        9980        9057       40795         954
Clark, Joe                     27436         146         140        8689        9226        5510         982        7725        1632        6167       17329       18704       61159         391        9210         222        2451         974       55184       76770
Coleman, Lori                   1889       55184       72786         160         976       24102       37997         728         292        9716        6657       32072       87217       13464       53323       20207        8896         194         622       51113
Collins, Anthony                3865        4822        5826       62908       23306       75660        9444         476         609       62341         964        6259        8186         970        9877         933         721        8135       64042         665
Cook, Margaret                   109         873         787        1769         814         174         738       60625        3727         290       23468       75204       20637         377         160       47409       36030       13401       20888        6643
Cooper, Kelly                    633       70931         113        3069         754        7052        8988         870       81855       10490       93350        6562         537        3190        1469       76286        2236       66445        3449       46369
Cox, Shirley                    9980        6816         356         145         927        8113         837        8293        7337        9362        8487        9290       25314       21006         684        5382        6954         744         604        2115
Davis, Douglas                 66579       67589        9775        6485       62610        8470         347        4824         376         560         997       77243         627       11968        3201        2794         358         867        6788       77243
Diaz, Tina                       460         428         319         897         281       66904        4308       13401       47121       82069         102         920        1813         124         803         217       79630         431        4221       50016
Edwards, Rachel                 6730         222        9145       75269         872         154       49493       89472         157         615        7860        9803         174        8800        9181        9244         146         736        4203         350
Evans, Johnny                  19759         482       21585         557         878         369        3481         681         588        2456         757       66579       19759        9921         856       62637       80606       34080        9507       27673
Flores, Andrea                  6667       86505       82801       17952        9854        7733         964         223       24805         927       23771         356       65417       78953       86505       87430         166        2272        9401       91595
Foster, Benjamin                 767       81224         867        9190         762        4805        9115         634         710       56328       23074        5777         220       32740        5510         165       61427         193         479         819
Garcia, Martha                 61159       97130       56274         458       23468       41259        9027         270         669        4913         402         460       43995         120       48858         958         850         650         222         834
Gonzales, Arthur               10354       34538       17329         684        2421        1729        7276         577       30973       90730         316        4868         154        1918       10541        8658       86503         751         986        9877
Gonzalez, Kimberly              5501        7410         919       76770        2272        1918         164         666       21440       74132       46537       12201         241        1698       91427        4564        7423       46369         745        8800
Gray, Tammy                    22986         687        6140        4319         627       64042         467        4221       59216         665       57151        1062       47831       72822         379         272        4203         694       39836        8030
Green, Roy                       141       13969         497        7259       29659       23628       26948       99344       86503       51113         588       30525        7257       52292        6287         977       13846        9419        1518        1632
Griffin, Charles                5732        4848         994         598         995       66445       81929       29205       77243         328        6627        9288        7711         833        5732         507       60976        3283       74656        9128
Hall, Beverly                  30525        2451        8601       74867        6270        5539       11968       48145        5382        3040        7542       76302        1169        7575       67589       96323         467       80860         249       27436
Harris, Anne                     435         219         128       49348       18223        1881       83283       46129         533        6121       72516         269        9456       27308       56274       67341         620         152         377         900
Henderson, Christopher         42960         736        7254        1418        4270         676         803        7414       23114        6692        2918       35790         453        7192       77773       78616        1408         875         537         453
Hernandez, Lawrence              841         542        4712       15179         444        6327        1454         463       78921       54223         618        9611       15179        1729       92025       95235         787       59774         935         220
Hill, Jose                      9877         665       76302        7132       63735        6657       41534         343       47232       64249        7010         520         581         525        4570         268       15442       64871        7146         676
Howard, Shawn                  18593         871         329       61804         505       27124         958        8289         589        3499         976         292         335       59465         369        2872        9507       30127        9419       50637
Hughes, James                    100       66015        2361       71272        9024        5571       90231        3151       82263         669        4805       97559       74656       54367        5179        5898         343       83383        5027        3201
Jackson, Doris                   101         189       19537       32072       37927        1563        6461        7580       66478        4176       37927         802       34624         644        2202        3151        9041         577         949        4439
James, Randy                    6587         278       13846         697        2456       63690        6826         272        3491         797         558       95155         511       59256        5501        2538       78377       11825        7793        8873
Jenkins, Paul                   8030        7146        2653       53931        5777        6954         507       18704         615         413       77186       22242         538       24109       70931       99344        6538         482        3069         216
Johnson, Roger                 10541       22242       49271        8944        9921         402         165       46474        3656        5526         474        7410       60006       91219       66478       69683       26402         955         511         235
Jones, Stephanie                 791        8033         692        1435       47128       87430        7092        7055       56328         819       76353        3256        9643        2454        5760       44140        6612        6643         833       82069
Kelly, Joyce                     178         525         756         443       55646        8679       95434         274       27367        6515       67416         409        3090         592        3792       27436       55940       99275        6657         345
King, Carolyn                  99275       94692       52171       62391         717         450         470        1698         783         985         361        7337        8060         381       22096         533       68330        4660         450        7159
Lee, Julie                     26650        5214        7575       90715         520        8018       95155        5696        9419       51340       63735       92861       24383         499         188         625         275         172         787        9057
Lewis, William                 12422       30990       26902        5210       39393        3090       30127         777       12561        8030        7413         877       66015         767        1563       16161        5879       26948         633       49271
Long, Joshua                     798       89972         857        6627       70983        7159       11825        4069         993         792        3796       20004         128        7055         857        1982       28766        4221         870       24805
Lopez, Juan                      571        2228         974       87217         512        7025        7591       35692        1469         657       81855         219         887        1889         476         676         841       87409        2015         178
Lowe, Karen                     1518        3472         217         954        3449         385         490        5798        2219       49271        6140       19234         498        7254        6327       59216       75660         433        7414         128
Martin, Richard                83057       15766         933       15442         655        9317         355        3190       50487        9226        8546       42166         435        9368        7181        2548         135       50016        2219       60976
Martinez, David                 5454       36808        4570       80483       55940        3567        4203         399         726        8988        6768         320       88706         873        9854       24805        9145        8033       48145         533
Miller, Aaron                  46051         188        2064         234        4411         304       64249         389         193        4351         679        1302        6485         762       18593       37272        8039       49563         681         581
Mitchell, Judith                2548       78503       77773       23771        6768        7832       72822         715         235        3449         459         880         572         216        7733         693        7146       69104       68330        5382
Moore, John                     6643        4748         925       50016         433       54367         745         522       66964         211       68288       41259        8689         876        6742         692         544        9775        1889         357
Morgan, Edward                 34080        8060        8186        2573       51918        5342        7423       15011       54679       21460        8018         355         575         746       81224         786         894         389       12201        6121
Morris, Heather                88706         894         949        4586        1071       68230         821       53323        8599         727       20888       63690       26650         372       62391        5696         697         634       48231         157
Murphy, Donna                  47174         706        7842       55555        9244         241        2919         499        9041        8470        8944         304         750        3815        5454        8348       30316         178       23074        3460
Nelson, Louise                 47831       81810       40882        3040        3283         413       82069       46537        1952         158         376       46866         937         345       21063       80740        5571       69641         798       69104
Parker, Raymond                  509        2115        7413       14075         538       20207       32740         216         604        2717        2068         791        8954       23628       80483       52954         157        8298        5214         974
Patterson, Peter               67819         104       48858         453       86801        9507       91595       12469        1259        1769       70142         117        6270        3188         329         314       95434        2015       67125         589
Perez, Kathleen                  955       59774       96323       16161        1809       24109         937         592       87047        9128        7832        4833        6631         673        5798         277       48231       10266        7866       46474
Perry, Marie                     445       99438         575        7866         673         152        7958        4564        1043        4259         104         982        9401         571       47121        1445       22986         919       69683        2068
Peterson, Daniel                7192       69104         372        3256       54223       14408         328        6612         117       78503       17952        9883        1191       15766       64117        8700        7866       21293       89472         880
Phillips, Brenda               15744       56608        1528       51113        7542        9643         751         249         459       21585       39393         703        1310        7867       75137         783       61735        4457         376         657
Powell, Gregory                 9362       20888        9758         935       70768       18753        3815         311        1445       49493         781       48145       18753       15744       89472        5826       66757         100        9468        4564
Price, Dorothy                   970        4868         511         334       20637         365        1982       61427        5081         821       94744         749        5539       47232        4261        4439       54679         445       89972        5898
Ramirez, Linda                  6299        3188         540         750         749         635       99464         774       64135        5027       86256        6587         540         444       35692        3567        3460       81810       13846         168
Reed, Bobby                      335       23074       31297        4012         158       27673         650       92025        9529       37997        1204        7591       99438         870        8852        7159        9444       51918       17952         281
Richardson, George              1916       24301         591         377       31256        4671         620         544        6287       11505        7414        9138       39836         984         461         297         728         101        1528         347
Rivera, Patricia                 950       80860         481        5027        3796        1564        3138       70142        4977       31256         450        1518        4748       92429        1881         512       13969       67819       21204         692
Roberts, Teresa                 8852         856         946         977       60006       90660        2642         316         379         264        4319         189         109         325         354       49348        3155       70983       61427       87420
Robinson, Pamela                 172        3499       20218        2794        1813         920         409        6167        4259         837       27673       62908       46051       75269         754       34538       39290       91595       15442       27308
Rodriguez, Jeffrey              7867       47102         622       26402        5173        1204        6984        9716       80740         687        4820       76211        3494        4012         825       89089         168        4822        9041       20637
Rogers, Elizabeth              88807       21204       56397       19234         797        9056       62102       67125       75137       14075        5210       95570       29659       89972        3069       21204       68976       36808        2453        1062
Ross, Frances                  68288       68976       56605         357        8348        7793       76211       50032        4660        8873         745       10354         609       12422         807       73539       90231         681         540         620
Russell, Scott                 69683       51340        6515        6538       60793        9803         461        4457         913        4411       27367         347       55555         950       40882       47102       40644         655       14408       18593
Sanchez, Deborah                8039        1310        5465         880        2006       11505        2918         818        6599        9758        5859       57323       14408         915         715       64135        5214         778       69790       41534
Sanders, Emily                   829        8658         915         896       43995        5898         551        7589         703        4241        7180         170         349       20218       62610         579        4438         953         706         635
Scott, Michael                  2454       94744       72081       21460         349       74132         579         406       60840         604         756         113        3938       57535       30990         350       36697         585         522       60625
Simmons, Cynthia                 807       21293         850         166        1062        2015        9288        9138        3174        2573        7092         274        6788         900         557         913        8289         223         893         710
Smith, Jimmy                   78616        3938        9883       60976         746        9554        3579         586         194        9317        9893        4977        3656         111        2361       88949         591        1043         223         365
Stewart, Earl                  13464         875       48231         431         744       53117         778       92429         607        8415       78921         311         505         717       82263         795        2453         598        1310        9145
Taylor, Brian                    781        8546         560        9368        1191       18958       87420       90730        8954         994       15711         497       69790         281        3727        7793       56397       55184       26902       14075
Thomas, Mark                     275       68330        6562         926       27308       20004        2453        3903       83383        1298       60793        4270        7052         125       12561        3903        6826        4824       20218       59465
Thompson, Michelle              4261        2202        4016       59256        5936        7853         440        2909        4913         647        7259       90715       47174         589         164         980       87047        2064        4016        9529
Torres, Betty                  21063       72516        6631        5572       40644        8415       95570         358       62637         385        5741         278        7114       41847       42673         472       29205        7580        7092        3256
Turner, Theresa                39836       36697         985       95235         825       50306         877         300        6121        4016         490         607         234       52450        9974         818         357       23306         300        2909
Walker, Terry                   7815        7257        7180       97559        4439       46369         997       46866         432        1632        8679        3138        8293        4586         141       99464       46474        6730         525         316
Ward, Sandra                     170         474         264       29748       80752         120        5760        2872         350         999        2421        2642         834         635         249         995       71272         300        8289         355
Washington, Annie                693       85135        9210         558       86256         314         694       34624         176       50306        5465        2228        3472       81929       29748        2909       50032        8889       80860        3567
Watson, Martin                 44140       54478         220       91219       88949         840         277         792        5751        1259         918        5173         145       53117        1528        9027       82801         440         538         694
White, Diana                    7114        1839       42673         269        4656       25314         647         934       74656        1071        4671        6599       40795       47128        1454       94692         428         232        4712       48858
Williams, Mary                 61735        6788         290        9128       37272        9974        2068         918       57535        7842        6984       46129         897        8601         926         432       52171        9024        5572        6327
Wilson, Howard                   202       57151       54151         232        2476       39290        8238        6884       36030        2919        4308        5751       83283       56605       83057       87692       97130       50637       59774        3040
Wood, Kevin                      795       62341         984         657       41847        5879         986        6403         599         458       90660        2006         551        1839        1418        3174         814         726         697        6612
Wright, Eric                    8873        8448        9401       57323         757       91427         968        8298         679         270        7132       19537        5342         706         872        4069        7815        4303        4319         232
Young, Frank                     704        1408        9893         320       64871       65417        1298        2552         361        9529         925         455         934       66964        1435        3481         777       88807        8599         100