25(8.652000e+03,1.250300e+04)
20(7.735000e+03,1.280200e+04)
27(7.502000e+03,1.236000e+04)
V
H
45(7.239000e+03,1.181000e+04)
46(6.375000e+03,1.181000e+04)
54(6.374000e+03,1.135600e+04)
H
V
14(5.750000e+03,1.345900e+04)
34(6.099000e+03,1.210100e+04)
V
21(6.853000e+03,1.280200e+04)
26(6.893000e+03,1.250300e+04)
H
H
H
H
138(7.091000e+03,9.302000e+03)
95(6.966000e+03,1.014800e+04)
V
71(7.422000e+03,1.074300e+04)
90(7.553000e+03,1.029500e+04)
114(7.638000e+03,9.857000e+03)
V
V
H
181(7.428000e+03,8.555000e+03)
213(7.422000e+03,8.002000e+03)
H
V
V
1(1.016200e+04,1.411200e+04)
5(9.698000e+03,1.394000e+04)
V
19(9.723000e+03,1.280200e+04)
33(1.018700e+04,1.210100e+04)
44(9.593000e+03,1.181000e+04)
V
H
H
50(1.051400e+04,1.150100e+04)
69(1.098400e+04,1.074300e+04)
66(1.140700e+04,1.089800e+04)
V
V
V
136(1.026600e+04,9.302000e+03)
149(9.825000e+03,9.160000e+03)
155(1.008400e+04,8.998000e+03)
V
H
77(1.018100e+04,1.043200e+04)
103(1.052000e+04,1.000200e+04)
104(1.023600e+04,1.000200e+04)
V
H
70(9.548000e+03,1.074300e+04)
105(9.628000e+03,1.000200e+04)
113(9.650000e+03,9.857000e+03)
H
H
V
H
61(8.384000e+03,1.120500e+04)
49(8.714000e+03,1.164800e+04)
51(9.113000e+03,1.150100e+04)
V
V
89(8.092000e+03,1.029500e+04)
73(8.538000e+03,1.059000e+04)
88(8.651000e+03,1.029500e+04)
H
H
H
156(9.359000e+03,8.998000e+03)
137(8.696000e+03,9.302000e+03)
150(8.973000e+03,9.160000e+03)
H
106(9.143000e+03,1.000200e+04)
128(9.168000e+03,9.554000e+03)
V
H
V
V
H
V
H
312(8.538000e+03,6.302000e+03)
328(8.451000e+03,5.861000e+03)
V
334(8.285000e+03,5.702000e+03)
346(8.143000e+03,5.548000e+03)
H
V
335(6.966000e+03,5.702000e+03)
313(7.422000e+03,6.302000e+03)
330(7.553000e+03,5.861000e+03)
329(8.092000e+03,5.861000e+03)
V
V
V
V
190(9.514000e+03,8.301000e+03)
191(9.113000e+03,8.301000e+03)
192(8.939000e+03,8.301000e+03)
V
V
157(8.332000e+03,8.998000e+03)
158(7.915000e+03,8.998000e+03)
H
212(8.548000e+03,8.002000e+03)
193(8.246000e+03,8.301000e+03)
201(8.384000e+03,8.152000e+03)
H
H
H
H
289(9.051000e+03,6.760000e+03)
290(8.873000e+03,6.760000e+03)
V
253(9.650000e+03,7.197000e+03)
268(9.168000e+03,7.052000e+03)
V
229(8.992000e+03,7.646000e+03)
241(8.657000e+03,7.501000e+03)
V
V
V
242(8.179000e+03,7.501000e+03)
246(8.143000e+03,7.347000e+03)
V
277(7.696000e+03,6.895000e+03)
276(8.266000e+03,6.895000e+03)
291(8.275000e+03,6.760000e+03)
V
V
V
H
V
V
V
2(1.340900e+04,1.411200e+04)
4(1.191700e+04,1.394000e+04)
H
31(1.241700e+04,1.210100e+04)
41(1.242800e+04,1.194400e+04)
H
32(1.200900e+04,1.210100e+04)
42(1.193800e+04,1.194400e+04)
V
V
H
23(1.508400e+04,1.265500e+04)
29(1.478600e+04,1.210100e+04)
V
13(1.448500e+04,1.345900e+04)
24(1.406000e+04,1.265500e+04)
H
V
40(1.309700e+04,1.194400e+04)
59(1.368400e+04,1.120500e+04)
30(1.338700e+04,1.210100e+04)
39(1.345600e+04,1.194400e+04)
H
V
V
H
H
101(1.265700e+04,1.000200e+04)
75(1.244500e+04,1.043200e+04)
V
60(1.244000e+04,1.120500e+04)
64(1.232800e+04,1.089800e+04)
65(1.217100e+04,1.089800e+04)
V
V
V
100(1.181200e+04,1.000200e+04)
127(1.173900e+04,9.554000e+03)
V
102(1.117900e+04,1.000200e+04)
76(1.118600e+04,1.043200e+04)
H
72(1.150700e+04,1.059000e+04)
78(1.159800e+04,1.043200e+04)
V
V
V
H
222(1.301900e+04,7.788000e+03)
227(1.262600e+04,7.646000e+03)
V
210(1.218600e+04,8.002000e+03)
211(1.198400e+04,8.002000e+03)
H
V
179(1.239900e+04,8.555000e+03)
200(1.244000e+04,8.152000e+03)
H
173(1.219200e+04,8.704000e+03)
174(1.184200e+04,8.704000e+03)
V
147(1.244700e+04,9.160000e+03)
153(1.226900e+04,8.998000e+03)
H
H
V
H
H
H
H
16(2.102000e+03,1.295700e+04)
15(2.803000e+03,1.345900e+04)
272(2.512000e+03,1.330100e+04)
H
V
6(3.834000e+03,1.394000e+04)
7(2.482000e+03,1.379200e+04)
V
V
9(9.200000e+02,1.379200e+04)
10(7.190000e+02,1.379200e+04)
H
3(1.359000e+03,1.411200e+04)
8(1.184000e+03,1.379200e+04)
V
H
11(3.470000e+02,1.363200e+04)
12(2.800000e+01,1.363200e+04)
H
17(9.120000e+02,1.295700e+04)
18(2.440000e+02,1.295700e+04)
22(5.740000e+02,1.280200e+04)
V
V
V
V
H
28(3.505000e+03,1.236000e+04)
62(3.836000e+03,1.120500e+04)
116(3.867000e+03,9.857000e+03)
H
V
96(3.300000e+03,1.014800e+04)
107(3.577000e+03,1.000200e+04)
H
H
82(3.019000e+03,1.043200e+04)
119(2.651000e+03,9.689000e+03)
91(2.728000e+03,1.029500e+04)
108(2.847000e+03,1.000200e+04)
H
H
H
V
121(1.403000e+03,9.689000e+03)
132(1.512000e+03,9.554000e+03)
133(1.275000e+03,9.554000e+03)
V
V
93(1.657000e+03,1.029500e+04)
97(1.424000e+03,1.014800e+04)
H
109(1.350000e+03,1.000200e+04)
110(1.148000e+03,1.000200e+04)
H
V
V
55(1.939000e+03,1.135600e+04)
67(2.156000e+03,1.089800e+04)
H
83(1.988000e+03,1.043200e+04)
92(2.269000e+03,1.029500e+04)
H
V
143(2.018000e+03,9.302000e+03)
117(2.037000e+03,9.857000e+03)
120(1.939000e+03,9.689000e+03)
V
V
V
V
V
47(6.580000e+02,1.164800e+04)
52(9.390000e+02,1.150100e+04)
56(7.740000e+02,1.135600e+04)
H
V
35(1.203000e+03,1.210100e+04)
43(1.318000e+03,1.194400e+04)
H
36(8.320000e+02,1.210100e+04)
37(5.040000e+02,1.210100e+04)
V
V
V
63(5.040000e+02,1.120500e+04)
57(1.570000e+02,1.135600e+04)
58(6.600000e+01,1.135600e+04)
V
H
38(5.800000e+01,1.210100e+04)
48(7.900000e+01,1.164800e+04)
53(6.600000e+01,1.150100e+04)
V
V
V
H
68(8.300000e+02,1.089800e+04)
84(8.490000e+02,1.043200e+04)
85(7.160000e+02,1.043200e+04)
H
H
87(6.600000e+01,1.043200e+04)
74(3.650000e+02,1.059000e+04)
86(2.950000e+02,1.043200e+04)
94(2.850000e+02,1.029500e+04)
H
H
H
V
V
99(1.310000e+02,1.014800e+04)
112(1.170000e+02,1.000200e+04)
V
111(6.650000e+02,1.000200e+04)
98(4.410000e+02,1.014800e+04)
118(4.310000e+02,9.857000e+03)
V
V
V
145(8.400000e+01,9.302000e+03)
125(1.080000e+02,9.689000e+03)
V
144(6.810000e+02,9.302000e+03)
134(6.240000e+02,9.554000e+03)
135(3.540000e+02,9.554000e+03)
V
H
122(7.740000e+02,9.689000e+03)
123(4.730000e+02,9.689000e+03)
124(3.670000e+02,9.689000e+03)
H
H
V
H
V
H
V
H
281(3.842000e+03,6.895000e+03)
292(3.589000e+03,6.760000e+03)
H
297(3.314000e+03,6.604000e+03)
270(3.268000e+03,7.052000e+03)
V
H
202(3.836000e+03,8.152000e+03)
203(3.407000e+03,8.152000e+03)
H
184(3.593000e+03,8.555000e+03)
185(3.239000e+03,8.555000e+03)
V
V
232(3.269000e+03,7.646000e+03)
233(2.857000e+03,7.646000e+03)
V
258(2.939000e+03,7.197000e+03)
271(2.931000e+03,7.052000e+03)
H
H
231(3.728000e+03,7.646000e+03)
248(3.847000e+03,7.347000e+03)
257(3.651000e+03,7.197000e+03)
H
H
V
H
V
130(3.268000e+03,9.554000e+03)
131(2.931000e+03,9.554000e+03)
H
141(3.542000e+03,9.302000e+03)
159(3.149000e+03,8.998000e+03)
167(3.314000e+03,8.851000e+03)
V
V
V
142(2.500000e+03,9.302000e+03)
160(2.587000e+03,8.998000e+03)
H
168(2.892000e+03,8.851000e+03)
204(2.504000e+03,8.152000e+03)
177(2.287000e+03,8.704000e+03)
186(2.375000e+03,8.555000e+03)
V
V
V
H
H
V
319(5.689000e+03,6.154000e+03)
320(5.440000e+03,6.154000e+03)
V
278(6.091000e+03,6.895000e+03)
279(5.761000e+03,6.895000e+03)
H
H
306(5.128000e+03,6.450000e+03)
296(4.475000e+03,6.604000e+03)
321(4.512000e+03,6.154000e+03)
H
H
247(4.577000e+03,7.347000e+03)
255(4.565000e+03,7.197000e+03)
H
254(5.038000e+03,7.197000e+03)
256(4.867000e+03,7.197000e+03)
H
280(4.863000e+03,6.895000e+03)
269(4.942000e+03,7.052000e+03)
H
V
V
V
H
129(4.942000e+03,9.554000e+03)
140(4.863000e+03,9.302000e+03)
H
139(5.761000e+03,9.302000e+03)
115(5.565000e+03,9.857000e+03)
H
H
81(4.512000e+03,1.043200e+04)
79(5.689000e+03,1.043200e+04)
80(5.440000e+03,1.043200e+04)
H
H
V
214(5.507000e+03,8.002000e+03)
220(5.440000e+03,7.859000e+03)
H
219(6.689000e+03,7.859000e+03)
182(5.938000e+03,8.555000e+03)
194(6.374000e+03,8.301000e+03)
V
H
H
195(4.939000e+03,8.301000e+03)
166(4.475000e+03,8.851000e+03)
183(4.318000e+03,8.555000e+03)
V
V
224(4.129000e+03,7.788000e+03)
221(4.512000e+03,7.859000e+03)
230(4.553000e+03,7.646000e+03)
V
V
H
H
V
V
V
234(1.725000e+03,7.646000e+03)
243(1.450000e+03,7.501000e+03)
235(1.436000e+03,7.646000e+03)
236(1.330000e+03,7.646000e+03)
H
V
215(1.538000e+03,8.002000e+03)
225(1.568000e+03,7.788000e+03)
H
226(1.295000e+03,7.788000e+03)
V
H
H
169(1.977000e+03,8.851000e+03)
161(1.589000e+03,8.998000e+03)
170(1.613000e+03,8.851000e+03)
V
V
196(1.774000e+03,8.301000e+03)
205(1.328000e+03,8.152000e+03)
V
H
187(6.580000e+02,8.555000e+03)
171(8.280000e+02,8.851000e+03)
172(6.320000e+02,8.851000e+03)
V
V
178(1.128000e+03,8.704000e+03)
162(1.188000e+03,8.998000e+03)
163(9.010000e+02,8.998000e+03)
V
H
H
197(1.135000e+03,8.301000e+03)
208(8.300000e+02,8.152000e+03)
206(1.171000e+03,8.152000e+03)
207(1.056000e+03,8.152000e+03)
V
H
V
H
V
H
301(8.280000e+02,6.604000e+03)
302(6.320000e+02,6.604000e+03)
V
274(6.240000e+02,7.052000e+03)
284(6.810000e+02,6.895000e+03)
V
251(7.650000e+02,7.347000e+03)
263(8.730000e+02,7.197000e+03)
V
V
V
283(1.018000e+03,6.895000e+03)
273(1.275000e+03,7.052000e+03)
H
261(1.431000e+03,7.197000e+03)
250(1.148000e+03,7.347000e+03)
262(1.174000e+03,7.197000e+03)
H
H
V
V
264(3.670000e+02,7.197000e+03)
275(2.540000e+02,7.052000e+03)
H
285(8.400000e+01,6.895000e+03)
252(1.170000e+02,7.347000e+03)
265(1.080000e+02,7.197000e+03)
H
V
H
237(7.440000e+02,7.646000e+03)
238(4.410000e+02,7.646000e+03)
V
188(7.900000e+01,8.555000e+03)
198(1.570000e+02,8.301000e+03)
V
216(3.650000e+02,8.002000e+03)
239(1.310000e+02,7.646000e+03)
244(2.360000e+02,7.501000e+03)
V
V
V
H
H
V
V
V
H
V
368(9.168000e+03,5.003000e+03)
391(9.051000e+03,4.703000e+03)
H
407(8.399000e+03,4.402000e+03)
378(8.761000e+03,4.856000e+03)
V
H
495(9.051000e+03,2.997000e+03)
457(9.084000e+03,3.602000e+03)
H
439(8.761000e+03,3.801000e+03)
428(9.168000e+03,3.948000e+03)
438(9.266000e+03,3.801000e+03)
V
V
V
V
311(1.031100e+04,6.302000e+03)
304(9.842000e+03,6.450000e+03)
305(9.908000e+03,6.450000e+03)
V
V
345(9.628000e+03,5.548000e+03)
353(9.650000e+03,5.309000e+03)
V
343(1.052000e+04,5.548000e+03)
344(1.023600e+04,5.548000e+03)
H
H
V
413(9.650000e+03,4.255000e+03)
450(1.000200e+04,3.746000e+03)
451(9.973000e+03,3.746000e+03)
H
427(1.073900e+04,3.948000e+03)
449(1.045600e+04,3.746000e+03)
V
H
H
377(1.040900e+04,4.856000e+03)
390(1.027500e+04,4.703000e+03)
H
367(1.073900e+04,5.003000e+03)
405(1.090800e+04,4.402000e+03)
406(1.053700e+04,4.402000e+03)
H
H
H
V
V
H
354(7.638000e+03,5.309000e+03)
514(7.638000e+03,2.552000e+03)
476(8.266000e+03,3.300000e+03)
488(7.825000e+03,3.151000e+03)
H
H
452(7.443000e+03,3.746000e+03)
408(7.328000e+03,4.402000e+03)
414(7.638000e+03,4.255000e+03)
V
H
V
V
542(8.266000e+03,1.802000e+03)
582(8.266000e+03,9.070000e+02)
H
557(9.084000e+03,1.357000e+03)
565(9.051000e+03,1.204000e+03)
H
533(9.168000e+03,2.109000e+03)
549(9.043000e+03,1.651000e+03)
H
H
H
548(9.973000e+03,1.651000e+03)
552(1.000200e+04,1.503000e+03)
H
592(1.000200e+04,5.480000e+02)
555(1.033200e+04,1.357000e+03)
556(9.915000e+03,1.357000e+03)
H
H
H
H
513(9.650000e+03,2.552000e+03)
527(9.739000e+03,2.252000e+03)
V
486(9.871000e+03,3.151000e+03)
487(9.443000e+03,3.151000e+03)
V
H
493(1.056900e+04,2.997000e+03)
494(1.040000e+04,2.997000e+03)
V
V
504(1.219200e+04,2.856000e+03)
505(1.190800e+04,2.856000e+03)
510(1.200200e+04,2.705000e+03)
V
H
526(1.105400e+04,2.242000e+03)
506(1.083700e+04,2.856000e+03)
V
465(1.090500e+04,3.454000e+03)
475(1.090800e+04,3.300000e+03)
H
455(1.133200e+04,3.602000e+03)
456(1.091500e+04,3.602000e+03)
V
H
H
V
H
V
V
H
146(1.427500e+04,9.160000e+03)
151(1.475600e+04,8.998000e+03)
V
199(1.368400e+04,8.152000e+03)
209(1.444500e+04,8.002000e+03)
H
H
126(1.305400e+04,9.554000e+03)
152(1.300200e+04,8.998000e+03)
164(1.277400e+04,8.851000e+03)
V
V
V
323(1.098800e+04,6.008000e+03)
342(1.117900e+04,5.548000e+03)
V
310(1.150700e+04,6.302000e+03)
318(1.159800e+04,6.154000e+03)
H
H
327(1.262600e+04,5.861000e+03)
309(1.251900e+04,6.302000e+03)
317(1.218100e+04,6.154000e+03)
V
H
V
218(1.059800e+04,7.859000e+03)
228(1.045100e+04,7.646000e+03)
H
245(1.062800e+04,7.347000e+03)
267(1.073900e+04,7.052000e+03)
H
H
266(1.205400e+04,7.052000e+03)
288(1.182500e+04,6.760000e+03)
295(1.150000e+04,6.604000e+03)
H
H
217(1.118100e+04,7.859000e+03)
223(1.168800e+04,7.788000e+03)
240(1.171700e+04,7.501000e+03)
H
V
V
V
H
189(1.071400e+04,8.301000e+03)
180(1.109700e+04,8.555000e+03)
175(1.090800e+04,8.704000e+03)
176(1.073700e+04,8.704000e+03)
V
V
H
154(1.105600e+04,8.998000e+03)
148(1.144300e+04,9.160000e+03)
165(1.150000e+04,8.851000e+03)
H
V
H
V
H
588(1.282500e+04,8.540000e+02)
554(1.365600e+04,1.357000e+03)
576(1.339900e+04,1.050000e+03)
587(1.344300e+04,8.540000e+02)
H
V
V
563(1.477400e+04,1.204000e+03)
575(1.490800e+04,1.050000e+03)
586(1.488100e+04,8.540000e+02)
H
H
574(1.414200e+04,1.050000e+03)
H
H
590(1.127500e+04,7.030000e+02)
591(1.075600e+04,7.030000e+02)
V
589(1.197300e+04,8.540000e+02)
594(1.165600e+04,4.070000e+02)
H
V
547(1.182500e+04,1.651000e+03)
551(1.175600e+04,1.503000e+03)
V
564(1.250000e+04,1.204000e+03)
546(1.244700e+04,1.651000e+03)
550(1.227500e+04,1.503000e+03)
V
H
V
H
V
395(1.150000e+04,4.554000e+03)
389(1.197300e+04,4.703000e+03)
H
447(1.227500e+04,3.746000e+03)
448(1.182500e+04,3.746000e+03)
V
403(1.219200e+04,4.402000e+03)
404(1.184200e+04,4.402000e+03)
V
H
V
388(1.282500e+04,4.703000e+03)
394(1.277400e+04,4.554000e+03)
V
366(1.305400e+04,5.003000e+03)
387(1.305300e+04,4.703000e+03)
H
H
426(1.305400e+04,3.948000e+03)
464(1.277400e+04,3.454000e+03)
474(1.284200e+04,3.300000e+03)
H
V
V
V
503(1.384200e+04,2.856000e+03)
509(1.439700e+04,2.705000e+03)
V
454(1.365600e+04,3.602000e+03)
446(1.444700e+04,3.746000e+03)
463(1.450000e+04,3.454000e+03)
H
V
V
286(1.404700e+04,6.760000e+03)
287(1.344300e+04,6.760000e+03)
H
303(1.299200e+04,6.450000e+03)
322(1.301900e+04,6.008000e+03)
V
H
316(1.418600e+04,6.154000e+03)
340(1.471700e+04,5.548000e+03)
341(1.365700e+04,5.548000e+03)
V
V
386(1.530900e+04,4.703000e+03)
315(1.544500e+04,6.154000e+03)
294(1.477400e+04,6.604000e+03)
V
H
H
V
H
V
H
V
V
585(8.400000e+01,9.070000e+02)
597(1.320000e+02,4.070000e+02)
H
553(2.690000e+02,1.503000e+03)
562(3.590000e+02,1.357000e+03)
V
V
543(1.018000e+03,1.802000e+03)
544(6.810000e+02,1.802000e+03)
V
572(8.280000e+02,1.204000e+03)
581(8.370000e+02,1.050000e+03)
H
H
596(1.059000e+03,4.070000e+02)
583(1.018000e+03,9.070000e+02)
H
584(6.810000e+02,9.070000e+02)
573(6.320000e+02,1.204000e+03)
V
V
V
V
524(5.670000e+02,2.305000e+03)
531(6.240000e+02,2.252000e+03)
H
511(6.650000e+02,2.705000e+03)
V
545(8.400000e+01,1.802000e+03)
525(1.080000e+02,2.305000e+03)
532(3.540000e+02,2.252000e+03)
H
V
512(1.170000e+02,2.705000e+03)
518(4.310000e+02,2.552000e+03)
V
H
H
491(1.275000e+03,3.151000e+03)
481(1.018000e+03,3.300000e+03)
V
482(8.370000e+02,3.300000e+03)
483(6.810000e+02,3.300000e+03)
H
473(6.320000e+02,3.454000e+03)
472(8.280000e+02,3.454000e+03)
V
V
492(5.890000e+02,3.151000e+03)
501(8.280000e+02,2.997000e+03)
502(6.320000e+02,2.997000e+03)
V
H
H
V
V
H
442(2.500000e+03,3.801000e+03)
419(2.651000e+03,4.100000e+03)
H
432(3.268000e+03,3.948000e+03)
433(2.931000e+03,3.948000e+03)
H
H
469(2.892000e+03,3.454000e+03)
459(3.149000e+03,3.602000e+03)
468(3.192000e+03,3.454000e+03)
V
V
497(3.314000e+03,2.997000e+03)
489(2.973000e+03,3.151000e+03)
498(2.892000e+03,2.997000e+03)
H
V
V
V
508(2.287000e+03,2.856000e+03)
490(2.188000e+03,3.151000e+03)
H
460(2.188000e+03,3.602000e+03)
479(2.500000e+03,3.300000e+03)
480(2.287000e+03,3.300000e+03)
V
H
V
499(1.777000e+03,2.997000e+03)
500(1.613000e+03,2.997000e+03)
H
461(1.587000e+03,3.602000e+03)
470(1.777000e+03,3.454000e+03)
471(1.613000e+03,3.454000e+03)
H
H
H
V
H
530(1.275000e+03,2.252000e+03)
523(1.473000e+03,2.305000e+03)
537(1.512000e+03,2.109000e+03)
V
V
517(2.037000e+03,2.552000e+03)
522(1.874000e+03,2.305000e+03)
V
541(2.500000e+03,1.949000e+03)
529(2.931000e+03,2.252000e+03)
H
H
V
561(1.587000e+03,1.357000e+03)
570(1.777000e+03,1.204000e+03)
571(1.613000e+03,1.204000e+03)
H
V
560(2.188000e+03,1.357000e+03)
579(2.500000e+03,1.050000e+03)
580(2.287000e+03,1.050000e+03)
V
H
V
V
595(2.984000e+03,4.070000e+02)
593(2.269000e+03,5.480000e+02)
V
569(2.892000e+03,1.204000e+03)
H
559(3.149000e+03,1.357000e+03)
567(3.314000e+03,1.204000e+03)
568(3.192000e+03,1.204000e+03)
V
V
521(3.403000e+03,2.305000e+03)
536(3.268000e+03,2.109000e+03)
540(3.342000e+03,1.949000e+03)
H
V
H
V
V
V
V
396(4.475000e+03,4.554000e+03)
356(3.867000e+03,5.309000e+03)
380(3.842000e+03,4.856000e+03)
392(3.589000e+03,4.703000e+03)
V
H
H
478(3.842000e+03,3.300000e+03)
441(3.842000e+03,3.801000e+03)
H
416(3.867000e+03,4.255000e+03)
430(4.091000e+03,3.948000e+03)
431(3.942000e+03,3.948000e+03)
H
V
V
V
370(4.942000e+03,5.003000e+03)
355(5.565000e+03,5.309000e+03)
369(5.696000e+03,5.003000e+03)
379(5.863000e+03,4.856000e+03)
V
H
V
466(5.475000e+03,3.454000e+03)
429(5.696000e+03,3.948000e+03)
440(5.963000e+03,3.801000e+03)
V
H
409(5.128000e+03,4.402000e+03)
415(5.565000e+03,4.255000e+03)
H
V
H
477(5.128000e+03,3.300000e+03)
507(5.128000e+03,2.856000e+03)
V
496(4.475000e+03,2.997000e+03)
458(4.589000e+03,3.602000e+03)
467(4.314000e+03,3.454000e+03)
H
H
V
H
V
520(4.939000e+03,2.305000e+03)
515(5.565000e+03,2.552000e+03)
V
519(6.651000e+03,2.305000e+03)
534(5.696000e+03,2.109000e+03)
538(5.761000e+03,1.949000e+03)
V
V
V
539(3.863000e+03,1.949000e+03)
516(3.867000e+03,2.552000e+03)
528(3.942000e+03,2.252000e+03)
535(4.091000e+03,2.109000e+03)
H
H
H
H
577(5.128000e+03,1.050000e+03)
566(4.475000e+03,1.204000e+03)
H
578(3.842000e+03,1.050000e+03)
558(3.589000e+03,1.357000e+03)
V
H
V
V
298(2.892000e+03,6.604000e+03)
307(2.837000e+03,6.450000e+03)
H
260(2.038000e+03,7.197000e+03)
249(2.350000e+03,7.347000e+03)
259(2.403000e+03,7.197000e+03)
V
V
299(1.777000e+03,6.604000e+03)
300(1.613000e+03,6.604000e+03)
H
282(2.500000e+03,6.895000e+03)
293(2.188000e+03,6.760000e+03)
308(2.287000e+03,6.450000e+03)
V
H
V
V
H
357(2.037000e+03,5.309000e+03)
360(1.939000e+03,5.160000e+03)
V
359(2.651000e+03,5.160000e+03)
381(2.500000e+03,4.856000e+03)
V
H
336(3.300000e+03,5.702000e+03)
347(3.577000e+03,5.548000e+03)
V
331(2.728000e+03,5.861000e+03)
348(2.847000e+03,5.548000e+03)
V
V
371(3.268000e+03,5.003000e+03)
372(2.931000e+03,5.003000e+03)
H
397(3.314000e+03,4.554000e+03)
398(2.892000e+03,4.554000e+03)
V
V
V
H
410(2.287000e+03,4.402000e+03)
382(2.266000e+03,4.856000e+03)
393(2.188000e+03,4.703000e+03)
H
V
399(1.777000e+03,4.554000e+03)
400(1.613000e+03,4.554000e+03)
H
417(2.037000e+03,4.255000e+03)
420(1.939000e+03,4.100000e+03)
V
H
V
361(1.403000e+03,5.160000e+03)
373(1.512000e+03,5.003000e+03)
374(1.275000e+03,5.003000e+03)
V
H
H
H
V
337(1.424000e+03,5.702000e+03)
324(1.429000e+03,6.008000e+03)
V
349(1.350000e+03,5.548000e+03)
350(1.148000e+03,5.548000e+03)
H
325(1.256000e+03,6.008000e+03)
332(1.269000e+03,5.861000e+03)
H
H
V
314(3.650000e+02,6.302000e+03)
326(2.950000e+02,6.008000e+03)
V
338(4.410000e+02,5.702000e+03)
333(6.570000e+02,5.861000e+03)
351(6.650000e+02,5.548000e+03)
V
H
H
358(4.310000e+02,5.309000e+03)
339(1.310000e+02,5.702000e+03)
352(1.170000e+02,5.548000e+03)
V
H
H
H
401(8.280000e+02,4.554000e+03)
402(6.320000e+02,4.554000e+03)
411(6.650000e+02,4.402000e+03)
V
V
362(7.740000e+02,5.160000e+03)
383(1.018000e+03,4.856000e+03)
375(6.240000e+02,5.003000e+03)
384(6.810000e+02,4.856000e+03)
V
V
H
V
385(8.400000e+01,4.856000e+03)
365(1.080000e+02,5.160000e+03)
V
376(3.540000e+02,5.003000e+03)
363(4.730000e+02,5.160000e+03)
364(3.670000e+02,5.160000e+03)
H
V
H
V
421(1.403000e+03,4.100000e+03)
434(1.512000e+03,3.948000e+03)
435(1.275000e+03,3.948000e+03)
H
V
422(7.740000e+02,4.100000e+03)
443(1.018000e+03,3.801000e+03)
436(6.240000e+02,3.948000e+03)
444(6.810000e+02,3.801000e+03)
V
V
H
H
485(8.400000e+01,3.300000e+03)
484(3.990000e+02,3.300000e+03)
H
445(8.400000e+01,3.801000e+03)
453(2.690000e+02,3.746000e+03)
462(3.590000e+02,3.602000e+03)
V
H
V
412(1.170000e+02,4.402000e+03)
425(1.080000e+02,4.100000e+03)
H
418(4.310000e+02,4.255000e+03)
H
437(3.540000e+02,3.948000e+03)
423(4.730000e+02,4.100000e+03)
424(3.670000e+02,4.100000e+03)
V
V
H
H
H
H
H
H
V
H
V
V
