40(1.097900e+04,1.927500e+04)
156(1.404200e+04,2.090300e+04)
H
47(2.551900e+04,2.160200e+04)
39(2.031300e+04,2.323500e+04)
48(1.931000e+04,2.071600e+04)
V
H
V
42(1.497500e+04,1.143900e+04)
161(1.652100e+04,9.716000e+03)
165(1.585000e+04,7.520000e+03)
V
V
38(2.328200e+04,1.296700e+04)
44(2.653200e+04,1.126800e+04)
V
166(2.045900e+04,7.827000e+03)
167(2.118900e+04,9.234000e+03)
V
H
H
V
163(1.743000e+04,2.460000e+02)
43(1.859000e+04,4.776000e+03)
V
159(1.082200e+04,7.270000e+03)
160(8.116000e+03,4.512000e+03)
H
H
158(1.001400e+04,1.328200e+04)
41(2.691000e+03,1.073500e+04)
157(4.949000e+03,1.428000e+04)
V
V
162(9.762000e+03,1.644000e+03)
164(8.704000e+03,2.135000e+03)
V
H
H
V
112(5.891400e+04,8.021000e+03)
113(6.354100e+04,8.697000e+03)
H
123(5.530600e+04,2.022000e+03)
119(5.337700e+04,6.402000e+03)
V
118(5.369800e+04,1.202800e+04)
V
V
127(4.520400e+04,1.092000e+04)
136(4.506400e+04,1.437700e+04)
H
124(4.840400e+04,1.272000e+04)
137(5.067200e+04,1.138600e+04)
93(5.061400e+04,1.288500e+04)
H
V
H
126(5.437500e+04,1.833300e+04)
125(5.011900e+04,1.949100e+04)
139(5.180700e+04,2.074800e+04)
V
H
104(5.140900e+04,1.543300e+04)
106(5.013200e+04,1.439000e+04)
138(5.077600e+04,1.408700e+04)
H
V
H
H
V
128(4.039800e+04,5.928000e+03)
130(3.895600e+04,5.317000e+03)
V
121(4.023900e+04,2.766000e+03)
131(3.718900e+04,2.545000e+03)
V
V
120(4.832600e+04,6.943000e+03)
122(4.714700e+04,7.895000e+03)
V
H
46(3.165700e+04,2.341200e+04)
27(3.418500e+04,2.439600e+04)
V
37(3.285800e+04,2.016900e+04)
132(3.267100e+04,1.994900e+04)
V
36(3.309900e+04,2.064600e+04)
89(3.343900e+04,2.093900e+04)
V
V
V
129(3.386000e+04,1.568100e+04)
134(3.593400e+04,1.677200e+04)
H
45(3.055000e+04,1.448200e+04)
168(3.101000e+04,1.924600e+04)
169(3.149600e+04,1.782000e+04)
H
V
H
V
H
V
V
257(6.910100e+04,5.353200e+04)
258(6.556400e+04,4.693100e+04)
V
252(6.160100e+04,5.072700e+04)
245(5.918400e+04,4.696700e+04)
259(6.175800e+04,4.686000e+04)
H
V
H
20(6.399000e+04,3.600700e+04)
244(6.378300e+04,4.001300e+04)
V
246(6.109200e+04,4.106300e+04)
255(6.071500e+04,4.044600e+04)
V
256(6.052200e+04,4.520000e+04)
H
V
V
13(5.134200e+04,6.030400e+04)
262(5.146200e+04,5.464700e+04)
V
14(4.840200e+04,5.096300e+04)
15(4.716900e+04,4.873100e+04)
V
254(5.101000e+04,4.809700e+04)
251(5.324800e+04,4.910600e+04)
261(5.471800e+04,4.911600e+04)
V
H
H
H
22(5.270700e+04,3.410100e+04)
17(5.332900e+04,3.612500e+04)
247(5.390000e+04,3.622900e+04)
H
V
16(5.232000e+04,3.949900e+04)
H
263(5.346000e+04,4.426700e+04)
18(5.097400e+04,4.156500e+04)
250(5.064500e+04,4.395000e+04)
V
H
253(5.567900e+04,4.216300e+04)
260(5.755600e+04,4.143800e+04)
V
241(5.376200e+04,3.825300e+04)
19(5.425800e+04,3.909500e+04)
264(5.410400e+04,3.971700e+04)
V
H
V
H
H
V
H
21(5.716400e+04,3.722600e+04)
243(6.040900e+04,3.732000e+04)
V
242(6.072700e+04,3.342700e+04)
96(6.074400e+04,2.948400e+04)
H
101(5.483700e+04,3.230600e+04)
141(5.721400e+04,3.199500e+04)
V
V
V
98(6.749000e+04,3.556600e+04)
99(6.904800e+04,3.358100e+04)
V
109(6.889300e+04,2.895000e+04)
102(6.517500e+04,2.906400e+04)
V
V
95(6.085200e+04,2.583100e+04)
97(6.224900e+04,2.598800e+04)
V
100(6.407600e+04,2.477700e+04)
108(6.558500e+04,2.608400e+04)
V
H
H
V
115(5.525800e+04,1.483400e+04)
116(5.782800e+04,1.552300e+04)
V
111(6.583000e+04,1.456900e+04)
114(6.168200e+04,1.246400e+04)
117(6.207300e+04,1.609500e+04)
H
V
H
103(5.814100e+04,2.325300e+04)
94(5.910500e+04,2.165900e+04)
140(5.863800e+04,2.200600e+04)
V
H
107(6.051500e+04,2.168100e+04)
110(5.953900e+04,2.095400e+04)
V
H
H
H
105(4.131300e+04,1.985700e+04)
92(4.268300e+04,1.680700e+04)
135(4.388100e+04,1.869600e+04)
H
V
30(4.120300e+04,2.365000e+04)
145(4.180300e+04,2.303800e+04)
V
149(4.219500e+04,2.855100e+04)
91(4.295600e+04,2.661600e+04)
29(4.493300e+04,2.681600e+04)
V
H
H
V
266(4.536900e+04,3.996400e+04)
249(4.549600e+04,3.640000e+04)
V
147(4.158400e+04,3.287100e+04)
32(4.586900e+04,3.270100e+04)
265(4.558900e+04,3.437200e+04)
V
V
H
33(4.900100e+04,2.632300e+04)
142(5.030100e+04,2.696800e+04)
H
146(5.131000e+04,3.040000e+04)
23(4.928100e+04,2.879100e+04)
248(4.946400e+04,2.789500e+04)
H
V
V
24(4.646900e+04,3.103900e+04)
143(4.579600e+04,2.912100e+04)
240(4.565600e+04,2.877800e+04)
H
H
31(4.712300e+04,2.515500e+04)
34(4.593700e+04,2.763100e+04)
144(4.572200e+04,2.735600e+04)
V
V
V
H
V
H
172(2.838700e+04,3.170000e+04)
86(2.857700e+04,2.936800e+04)
152(2.885500e+04,2.909400e+04)
V
V
155(2.423500e+04,2.829900e+04)
49(2.834800e+04,2.735900e+04)
133(2.935300e+04,2.706000e+04)
V
V
V
25(3.790800e+04,2.155600e+04)
90(3.711900e+04,2.155800e+04)
V
148(3.671000e+04,2.494700e+04)
170(3.675200e+04,2.418500e+04)
V
153(3.795800e+04,2.668600e+04)
171(3.621200e+04,2.607300e+04)
H
V
V
28(3.795900e+04,2.921400e+04)
35(3.788100e+04,3.087700e+04)
H
150(3.172300e+04,2.848600e+04)
88(3.450500e+04,3.088600e+04)
26(3.492900e+04,2.772100e+04)
H
V
V
H
H
V
H
H
V
77(1.126200e+04,4.364600e+04)
84(1.269800e+04,4.543600e+04)
V
195(1.292300e+04,4.040500e+04)
81(1.191000e+04,3.652400e+04)
194(1.125100e+04,3.865400e+04)
V
H
V
76(4.147000e+03,5.044800e+04)
196(3.699000e+03,4.572500e+04)
V
208(8.355000e+03,5.189200e+04)
55(1.136900e+04,4.991200e+04)
56(1.077100e+04,4.958800e+04)
H
H
67(1.468700e+04,5.212300e+04)
78(1.445300e+04,5.014600e+04)
197(1.466900e+04,5.070500e+04)
H
H
V
V
H
190(1.784100e+04,2.912400e+04)
176(1.138700e+04,2.906500e+04)
H
177(1.382400e+04,3.308500e+04)
192(1.420000e+04,3.733500e+04)
V
V
179(3.423000e+03,2.975400e+04)
82(7.540000e+03,3.271200e+04)
193(7.363000e+03,3.121200e+04)
H
V
180(7.903000e+03,3.883400e+04)
83(5.887000e+03,3.731800e+04)
178(6.754000e+03,3.642600e+04)
V
H
V
V
54(1.837300e+04,4.084400e+04)
80(1.796900e+04,4.027300e+04)
H
182(2.100500e+04,3.759200e+04)
50(1.873400e+04,3.516700e+04)
85(1.859600e+04,3.621600e+04)
V
V
181(1.689600e+04,3.687600e+04)
175(1.656700e+04,3.627200e+04)
191(1.606900e+04,3.642500e+04)
V
V
V
H
H
V
214(3.781300e+04,5.926000e+04)
3(3.556500e+04,6.166100e+04)
11(3.687100e+04,6.110000e+04)
V
V
7(3.227500e+04,5.807800e+04)
236(3.219700e+04,5.828000e+04)
V
5(3.341600e+04,6.252500e+04)
9(3.318000e+04,6.122900e+04)
H
V
V
10(4.306300e+04,6.939300e+04)
12(4.302700e+04,6.127300e+04)
H
8(3.059100e+04,6.725800e+04)
215(2.917500e+04,6.817600e+04)
H
72(2.818100e+04,6.475700e+04)
73(2.610100e+04,6.426100e+04)
H
H
6(3.691500e+04,6.712400e+04)
4(3.685200e+04,6.428100e+04)
216(3.476600e+04,6.356900e+04)
H
H
V
V
H
198(4.754000e+03,6.067000e+04)
201(6.084000e+03,6.195700e+04)
V
199(3.390000e+02,5.774700e+04)
200(3.921000e+03,5.548900e+04)
V
H
75(1.227400e+04,5.815200e+04)
205(1.335900e+04,6.104900e+04)
206(1.449500e+04,6.161900e+04)
H
V
V
62(1.480300e+04,6.830900e+04)
64(1.418600e+04,6.723100e+04)
V
59(1.937700e+04,6.677700e+04)
60(1.889900e+04,6.819000e+04)
H
H
70(2.229500e+04,6.544500e+04)
71(1.774400e+04,6.406500e+04)
74(1.911500e+04,6.434300e+04)
H
V
61(2.372200e+04,6.226800e+04)
63(2.434600e+04,6.190000e+04)
V
58(1.861600e+04,6.195200e+04)
204(1.982400e+04,6.229100e+04)
H
V
H
H
66(2.428400e+04,5.676200e+04)
69(2.131400e+04,5.753500e+04)
212(2.207900e+04,5.582400e+04)
V
V
68(1.749300e+04,5.975100e+04)
65(1.659400e+04,5.697600e+04)
H
57(1.684600e+04,5.362500e+04)
211(1.738800e+04,5.397700e+04)
H
202(1.678800e+04,5.551700e+04)
207(1.744400e+04,5.617800e+04)
H
V
V
H
H
H
H
235(3.455700e+04,5.039900e+04)
228(3.141100e+04,4.963000e+04)
V
230(3.055900e+04,4.661800e+04)
238(2.976800e+04,4.575200e+04)
H
H
213(2.742900e+04,5.437900e+04)
217(2.840600e+04,5.508500e+04)
H
203(2.399600e+04,5.328000e+04)
237(2.276700e+04,5.243800e+04)
H
2(2.620800e+04,5.157900e+04)
218(2.557600e+04,4.849800e+04)
V
H
V
H
209(2.095100e+04,4.794600e+04)
210(2.294600e+04,4.792000e+04)
V
220(1.593300e+04,4.771800e+04)
51(1.880100e+04,4.518500e+04)
53(1.803700e+04,4.629100e+04)
H
52(1.955300e+04,4.918000e+04)
79(1.790000e+04,4.996900e+04)
V
V
H
V
H
224(4.122700e+04,4.207200e+04)
234(4.079500e+04,4.254000e+04)
H
225(3.545700e+04,4.365700e+04)
229(3.916200e+04,4.777900e+04)
231(3.707700e+04,4.441300e+04)
267(3.703900e+04,4.461100e+04)
V
H
H
H
173(3.637300e+04,3.375800e+04)
187(3.557800e+04,3.513600e+04)
239(3.611000e+04,3.631700e+04)
V
V
184(2.754000e+04,3.438100e+04)
154(2.934800e+04,3.470100e+04)
188(3.006500e+04,3.521500e+04)
V
H
232(3.327300e+04,3.540000e+04)
87(3.192700e+04,3.378100e+04)
185(3.234800e+04,3.377400e+04)
H
H
V
V
183(2.447100e+04,3.579300e+04)
186(2.541800e+04,3.848600e+04)
221(2.539000e+04,3.751900e+04)
H
H
189(2.812800e+04,3.871700e+04)
151(2.642800e+04,3.749500e+04)
174(2.626100e+04,3.758900e+04)
H
V
V
1(2.932200e+04,4.142000e+04)
222(2.908100e+04,4.250800e+04)
H
233(3.149400e+04,3.941000e+04)
223(3.160600e+04,4.234800e+04)
H
V
227(2.175500e+04,4.114800e+04)
219(2.574200e+04,4.186200e+04)
226(2.498000e+04,4.033300e+04)
H
V
H
V
H
V
V
H
H
V
