468(1.686000e+03,6.074300e+04)
470(4.113000e+03,5.838600e+04)
V
295(3.432000e+03,5.543300e+04)
532(3.019000e+03,5.498700e+04)
V
469(8.640000e+03,5.414000e+04)
440(4.799000e+03,5.164300e+04)
H
H
H
207(2.478400e+04,6.201400e+04)
8(2.160700e+04,6.288100e+04)
H
286(1.913100e+04,6.495000e+04)
264(1.901400e+04,6.258200e+04)
437(1.961100e+04,6.098300e+04)
H
H
H
5(1.344800e+04,5.811500e+04)
192(1.483500e+04,5.498500e+04)
V
444(1.768200e+04,5.944300e+04)
534(1.703800e+04,5.950100e+04)
H
V
9(2.456500e+04,5.615400e+04)
203(2.308500e+04,5.552400e+04)
H
6(2.554800e+04,5.865900e+04)
425(2.397500e+04,5.776500e+04)
H
H
V
V
V
202(2.876600e+04,5.029000e+04)
540(2.873600e+04,5.418100e+04)
V
198(2.963100e+04,5.652300e+04)
287(2.806200e+04,5.659300e+04)
V
263(3.163600e+04,5.512900e+04)
424(3.160100e+04,5.769400e+04)
V
H
H
436(2.847100e+04,6.537600e+04)
16(2.639700e+04,6.506500e+04)
195(2.665200e+04,6.470500e+04)
H
V
204(3.005800e+04,6.057600e+04)
442(2.885800e+04,5.872600e+04)
V
V
V
473(2.515200e+04,4.812000e+04)
474(2.388300e+04,4.724300e+04)
H
205(2.352000e+04,5.040700e+04)
438(2.500400e+04,5.064000e+04)
475(2.437400e+04,5.107700e+04)
H
H
V
290(1.978100e+04,4.871500e+04)
441(2.131900e+04,4.939600e+04)
471(2.084600e+04,4.912500e+04)
H
H
206(2.091000e+04,5.329700e+04)
296(2.174700e+04,5.313500e+04)
V
191(1.983600e+04,5.193100e+04)
190(2.040400e+04,5.224900e+04)
536(2.065600e+04,5.219400e+04)
V
V
V
V
V
H
H
2(3.347700e+04,4.950100e+04)
288(3.615800e+04,4.908600e+04)
H
541(3.736700e+04,4.175400e+04)
472(3.115100e+04,4.205900e+04)
188(3.482900e+04,4.117400e+04)
539(3.512700e+04,4.061900e+04)
V
V
V
V
128(3.661800e+04,3.468500e+04)
132(4.049400e+04,3.712100e+04)
136(4.060600e+04,3.535800e+04)
477(4.027400e+04,3.575900e+04)
V
V
V
301(2.829200e+04,3.380400e+04)
596(2.894400e+04,3.348200e+04)
V
538(2.930100e+04,3.870400e+04)
543(2.852600e+04,3.622900e+04)
H
H
289(3.353300e+04,3.736000e+04)
189(3.432900e+04,3.949900e+04)
476(3.487300e+04,3.875500e+04)
H
H
H
H
V
298(2.559700e+04,3.243500e+04)
552(2.262900e+04,3.243200e+04)
H
528(2.967800e+04,2.892000e+04)
300(2.728900e+04,2.893100e+04)
549(2.766700e+04,2.950000e+04)
H
V
H
553(1.995200e+04,1.933600e+04)
544(2.392100e+04,2.907800e+04)
545(2.336100e+04,2.949400e+04)
V
130(2.145400e+04,3.053900e+04)
550(2.250000e+04,3.071900e+04)
H
V
H
551(1.345200e+04,2.654800e+04)
548(1.492700e+04,3.593200e+04)
H
547(2.091100e+04,3.414300e+04)
529(1.844600e+04,3.425100e+04)
530(1.601400e+04,3.430800e+04)
V
V
H
V
V
294(7.703000e+03,4.232600e+04)
531(4.238000e+03,4.199700e+04)
598(4.986000e+03,4.285600e+04)
V
H
291(1.226500e+04,4.008700e+04)
439(1.298600e+04,4.038700e+04)
V
4(1.271500e+04,4.972600e+04)
297(1.609900e+04,4.575000e+04)
H
H
V
597(1.839900e+04,3.717400e+04)
292(1.924200e+04,4.260700e+04)
293(2.098900e+04,3.959400e+04)
V
V
129(2.434500e+04,3.619400e+04)
3(2.345800e+04,3.870300e+04)
537(2.503700e+04,3.955300e+04)
V
H
V
V
V
V
H
210(3.720200e+04,8.700400e+04)
356(3.718600e+04,8.329000e+04)
H
213(4.286200e+04,7.426000e+04)
183(3.957700e+04,7.918500e+04)
214(3.910800e+04,8.163100e+04)
V
17(3.629100e+04,7.837200e+04)
428(3.498000e+04,7.566900e+04)
H
V
V
V
216(3.954800e+04,6.638800e+04)
483(3.834100e+04,6.738400e+04)
V
200(3.583900e+04,6.353100e+04)
358(3.618000e+04,6.602500e+04)
V
V
12(3.270300e+04,6.995700e+04)
357(3.426900e+04,7.203800e+04)
7(3.407600e+04,6.882100e+04)
10(3.449100e+04,6.976100e+04)
V
V
V
V
H
11(2.055200e+04,6.956300e+04)
435(2.019800e+04,6.872300e+04)
464(2.106800e+04,6.889000e+04)
H
H
197(1.742100e+04,6.663900e+04)
208(1.722400e+04,6.895400e+04)
H
267(1.583300e+04,7.121200e+04)
445(1.492600e+04,6.923600e+04)
H
H
H
284(2.411400e+04,7.429600e+04)
209(2.657300e+04,7.379800e+04)
H
194(2.776000e+04,7.127800e+04)
443(2.771300e+04,7.003900e+04)
V
215(2.620300e+04,6.825200e+04)
266(2.537500e+04,6.827000e+04)
H
H
V
431(2.903000e+04,7.751400e+04)
15(3.109100e+04,7.447000e+04)
265(3.077100e+04,7.447900e+04)
H
430(2.843600e+04,7.480600e+04)
13(3.004600e+04,7.434000e+04)
V
V
H
V
H
V
278(8.410000e+02,7.168000e+04)
457(2.205000e+03,7.302900e+04)
V
434(6.788000e+03,7.470400e+04)
446(5.545000e+03,7.327800e+04)
H
277(4.614000e+03,7.680000e+04)
458(1.299000e+03,7.610400e+04)
H
V
H
193(8.123000e+03,6.376300e+04)
535(1.056300e+04,6.609700e+04)
H
426(1.261400e+04,6.807400e+04)
533(1.311000e+04,6.893700e+04)
H
V
268(1.013200e+04,7.533500e+04)
272(1.071800e+04,7.532400e+04)
V
463(1.300300e+04,7.385700e+04)
467(9.239000e+03,7.150200e+04)
465(1.176400e+04,6.994800e+04)
V
V
V
V
H
273(1.271400e+04,7.780900e+04)
456(1.273000e+04,8.006000e+04)
H
449(1.144900e+04,8.315600e+04)
466(1.193600e+04,8.385600e+04)
H
275(1.375400e+04,8.229700e+04)
461(1.455900e+04,8.347300e+04)
H
V
V
455(5.968000e+03,8.230300e+04)
459(4.116000e+03,8.651600e+04)
462(2.764000e+03,8.657300e+04)
V
V
276(1.141200e+04,9.050600e+04)
454(1.270400e+04,9.150100e+04)
V
460(1.074800e+04,8.814000e+04)
269(1.342900e+04,8.902700e+04)
433(1.452200e+04,8.755500e+04)
H
H
V
H
H
281(2.683000e+04,9.139500e+04)
450(2.399500e+04,8.804700e+04)
H
280(3.265600e+04,8.046700e+04)
283(3.239300e+04,8.395800e+04)
451(3.082000e+04,8.446000e+04)
V
H
427(2.690400e+04,8.037100e+04)
14(2.616600e+04,8.198100e+04)
432(2.652800e+04,8.200300e+04)
V
H
V
H
270(2.003300e+04,8.678900e+04)
453(1.942300e+04,8.443600e+04)
V
448(1.815100e+04,8.168900e+04)
274(1.525500e+04,8.165500e+04)
V
V
279(2.376200e+04,8.011700e+04)
282(2.390400e+04,8.034900e+04)
V
429(2.109900e+04,8.118400e+04)
447(2.214700e+04,8.247900e+04)
V
H
271(1.693300e+04,7.768900e+04)
285(2.042200e+04,7.796500e+04)
V
196(2.561800e+04,7.695200e+04)
452(2.315700e+04,7.730700e+04)
V
H
V
H
V
H
V
V
V
23(6.111100e+04,7.503000e+04)
33(6.240000e+04,7.463300e+04)
H
349(6.517800e+04,7.150000e+04)
30(6.485500e+04,7.385900e+04)
493(6.650500e+04,7.284700e+04)
V
H
V
21(7.029300e+04,6.797400e+04)
154(6.982700e+04,6.912400e+04)
V
54(7.414200e+04,6.957900e+04)
491(7.122500e+04,6.983900e+04)
V
H
31(6.545300e+04,6.731300e+04)
34(6.348100e+04,6.736000e+04)
344(6.355300e+04,6.639600e+04)
H
V
360(5.809500e+04,7.065900e+04)
20(5.851100e+04,6.831900e+04)
26(5.915700e+04,6.799200e+04)
H
H
28(6.010000e+04,6.683400e+04)
19(6.009300e+04,6.869600e+04)
485(5.993800e+04,6.874900e+04)
H
H
V
V
H
H
146(7.549200e+04,6.010500e+04)
142(7.520700e+04,5.793000e+04)
346(7.436000e+04,5.768100e+04)
V
318(7.251700e+04,5.905200e+04)
345(7.252000e+04,5.844300e+04)
H
V
V
348(7.154300e+04,6.216800e+04)
339(7.309200e+04,5.954600e+04)
H
145(7.086500e+04,5.620900e+04)
125(7.061300e+04,5.764100e+04)
330(6.917300e+04,5.751600e+04)
V
H
V
H
364(6.668600e+04,6.353100e+04)
337(6.880400e+04,6.266200e+04)
V
340(6.819800e+04,6.087200e+04)
341(6.800600e+04,6.086900e+04)
V
V
53(6.703900e+04,5.929600e+04)
57(6.603100e+04,5.971800e+04)
489(6.621700e+04,5.978400e+04)
H
V
V
362(6.297100e+04,5.786300e+04)
78(6.472700e+04,5.879700e+04)
488(6.531200e+04,5.819200e+04)
H
H
50(6.582100e+04,5.603100e+04)
501(6.792700e+04,5.684900e+04)
V
495(6.694500e+04,5.332900e+04)
84(6.839000e+04,5.416700e+04)
141(6.748300e+04,5.414800e+04)
H
H
V
V
V
V
V
182(4.787700e+04,8.998200e+04)
355(4.745600e+04,9.092400e+04)
V
212(4.399100e+04,8.812700e+04)
211(4.777000e+04,8.744900e+04)
H
V
177(5.487500e+04,9.372700e+04)
354(6.084700e+04,9.181200e+04)
H
176(6.137900e+04,8.630800e+04)
178(5.922500e+04,8.334200e+04)
V
V
V
181(5.850700e+04,7.686000e+04)
179(5.716300e+04,7.870700e+04)
353(5.785700e+04,7.800800e+04)
H
H
175(6.229100e+04,7.951100e+04)
170(6.031500e+04,7.881800e+04)
174(6.059900e+04,7.850100e+04)
H
H
V
H
185(5.231100e+04,7.037700e+04)
487(5.198500e+04,6.905300e+04)
H
173(4.994500e+04,7.192700e+04)
486(5.086500e+04,7.322600e+04)
H
V
359(4.626700e+04,6.768900e+04)
18(4.626400e+04,6.499000e+04)
352(4.688800e+04,6.437800e+04)
H
H
V
184(5.229600e+04,6.687600e+04)
351(5.352500e+04,6.598700e+04)
V
24(5.560300e+04,6.624800e+04)
169(5.552900e+04,6.588500e+04)
H
22(5.778500e+04,6.579200e+04)
180(5.748200e+04,6.611100e+04)
V
H
H
H
H
127(4.578000e+04,4.762400e+04)
320(4.596000e+04,4.843200e+04)
H
38(4.453100e+04,5.050400e+04)
43(4.453500e+04,4.723500e+04)
40(4.399100e+04,4.796700e+04)
44(4.505400e+04,4.791400e+04)
V
H
H
H
199(4.152500e+04,6.000400e+04)
482(3.948500e+04,5.861700e+04)
V
423(3.695800e+04,5.548200e+04)
134(4.021400e+04,5.062100e+04)
201(4.200700e+04,5.238300e+04)
V
V
V
37(4.528100e+04,5.323900e+04)
1(4.686100e+04,5.130500e+04)
258(4.722900e+04,5.288300e+04)
36(4.907100e+04,5.294700e+04)
H
V
H
45(5.057100e+04,5.583900e+04)
217(4.936400e+04,5.433300e+04)
304(5.007200e+04,5.450400e+04)
V
V
570(4.678800e+04,5.705800e+04)
27(4.912700e+04,5.532800e+04)
187(4.860500e+04,5.487000e+04)
H
H
H
V
H
H
256(6.493500e+04,5.108900e+04)
306(6.265200e+04,5.227700e+04)
90(6.199800e+04,5.155200e+04)
329(6.142400e+04,5.141700e+04)
V
H
V
480(5.965600e+04,5.347700e+04)
571(5.519600e+04,5.184600e+04)
77(5.803800e+04,5.149700e+04)
325(5.941900e+04,5.059300e+04)
V
V
V
326(5.812100e+04,4.855800e+04)
218(5.940500e+04,4.874900e+04)
310(5.927000e+04,4.863700e+04)
H
V
569(5.888400e+04,4.662800e+04)
114(5.770000e+04,4.674600e+04)
328(5.723700e+04,4.651100e+04)
H
V
H
H
V
484(5.145600e+04,6.076700e+04)
309(5.195700e+04,6.138500e+04)
350(5.250100e+04,6.178900e+04)
H
V
481(5.309100e+04,5.789700e+04)
51(5.253400e+04,5.467900e+04)
308(5.234900e+04,5.608500e+04)
V
V
V
126(5.761300e+04,5.980700e+04)
186(5.698400e+04,5.885500e+04)
V
319(5.874800e+04,5.710200e+04)
35(5.668900e+04,5.663300e+04)
V
V
52(5.927100e+04,6.363900e+04)
172(5.785100e+04,6.360700e+04)
H
58(5.864000e+04,6.137500e+04)
361(5.900700e+04,6.056000e+04)
H
490(6.212900e+04,6.107400e+04)
32(5.984800e+04,6.224300e+04)
V
H
H
V
H
V
V
H
H
25(6.615200e+04,7.654000e+04)
168(6.604100e+04,7.873500e+04)
V
242(6.763000e+04,7.961500e+04)
492(7.036000e+04,7.897200e+04)
V
V
243(7.110700e+04,9.050300e+04)
245(7.449600e+04,8.712500e+04)
V
240(7.176100e+04,8.168000e+04)
H
239(7.500000e+04,7.659300e+04)
247(7.521600e+04,7.593100e+04)
H
29(7.222100e+04,7.819600e+04)
374(7.324000e+04,7.711200e+04)
H
167(7.242200e+04,7.398900e+04)
171(6.947100e+04,7.496200e+04)
V
V
H
H
H
244(8.216800e+04,9.395000e+04)
373(8.246800e+04,8.906100e+04)
H
166(7.964500e+04,8.053400e+04)
241(7.960400e+04,8.321600e+04)
H
161(8.293500e+04,8.050900e+04)
153(8.049500e+04,8.284700e+04)
246(8.099600e+04,8.279500e+04)
V
H
H
H
148(8.773300e+04,8.299600e+04)
150(8.741200e+04,8.550700e+04)
163(8.696600e+04,8.478100e+04)
V
H
164(9.188800e+04,8.918600e+04)
165(9.013300e+04,8.684900e+04)
149(9.183000e+04,8.636200e+04)
152(9.190500e+04,8.428600e+04)
V
H
H
V
H
147(8.095400e+04,7.379300e+04)
365(7.995200e+04,7.551000e+04)
H
162(8.670800e+04,8.022400e+04)
372(8.676500e+04,7.655500e+04)
V
157(9.117500e+04,7.502500e+04)
160(8.997000e+04,7.888300e+04)
V
V
370(8.758600e+04,6.758000e+04)
55(8.734500e+04,7.132800e+04)
V
158(8.348500e+04,7.169800e+04)
151(8.560400e+04,7.366700e+04)
156(8.584000e+04,7.252600e+04)
H
H
H
V
H
V
V
236(8.585300e+04,5.317500e+04)
62(8.614200e+04,5.137200e+04)
V
334(8.715200e+04,5.535600e+04)
504(8.537900e+04,5.629000e+04)
H
H
66(8.968000e+04,5.485900e+04)
232(9.039800e+04,5.447200e+04)
V
64(9.305100e+04,5.297800e+04)
231(9.098900e+04,5.550300e+04)
V
V
H
366(9.308100e+04,6.302000e+04)
237(8.931700e+04,6.025300e+04)
238(8.889000e+04,6.251100e+04)
H
H
375(8.438500e+04,6.548600e+04)
65(8.643100e+04,6.364200e+04)
248(8.491500e+04,6.316100e+04)
V
H
335(8.553500e+04,6.093900e+04)
332(8.586300e+04,6.145900e+04)
367(8.604200e+04,6.168800e+04)
V
H
H
V
H
498(8.089500e+04,6.039100e+04)
381(8.307400e+04,5.693400e+04)
369(7.894300e+04,5.896300e+04)
382(8.169400e+04,5.900700e+04)
500(8.155700e+04,5.798500e+04)
V
V
H
V
85(7.874900e+04,6.637700e+04)
159(7.839900e+04,6.647100e+04)
H
502(8.099600e+04,6.894200e+04)
56(7.951000e+04,6.577800e+04)
494(7.963400e+04,6.585800e+04)
H
V
H
347(8.102700e+04,6.268400e+04)
371(8.242300e+04,6.301500e+04)
H
343(7.735100e+04,6.360600e+04)
155(7.900200e+04,6.143800e+04)
503(7.871500e+04,6.304100e+04)
V
H
H
H
H
67(7.834300e+04,4.657900e+04)
383(8.116800e+04,4.628900e+04)
V
143(7.953300e+04,5.164300e+04)
376(7.985600e+04,5.380400e+04)
V
331(8.182700e+04,5.005500e+04)
80(7.951700e+04,4.877600e+04)
H
83(7.782600e+04,4.959100e+04)
505(7.781100e+04,5.085600e+04)
V
V
V
V
81(7.740100e+04,5.421400e+04)
86(7.755600e+04,5.404100e+04)
H
144(7.889800e+04,5.514300e+04)
254(7.847000e+04,5.513900e+04)
H
V
61(7.301300e+04,5.494400e+04)
377(7.429100e+04,5.606200e+04)
V
H
342(7.622400e+04,5.275300e+04)
363(7.591700e+04,5.213700e+04)
V
497(7.517400e+04,5.339200e+04)
499(7.553400e+04,5.420000e+04)
H
H
338(7.730700e+04,5.194000e+04)
249(7.521000e+04,5.051500e+04)
60(7.735800e+04,5.121400e+04)
336(7.706300e+04,5.110900e+04)
V
H
V
V
V
H
H
V
H
H
399(5.968700e+04,1.486200e+04)
400(5.840300e+04,1.439500e+04)
H
100(6.479000e+04,1.290200e+04)
105(6.384300e+04,1.515900e+04)
106(6.218000e+04,1.432700e+04)
V
H
V
395(7.092800e+04,2.833000e+03)
226(5.812600e+04,2.848000e+03)
523(5.830900e+04,2.998000e+03)
V
H
403(5.822800e+04,5.204000e+03)
101(5.825500e+04,6.946000e+03)
396(5.851200e+04,7.576000e+03)
H
V
H
V
225(4.555100e+04,1.312700e+04)
110(4.745000e+04,1.111100e+04)
591(4.897500e+04,1.206600e+04)
V
V
107(5.342300e+04,1.742000e+03)
401(4.810100e+04,1.308000e+03)
592(4.913100e+04,1.169000e+03)
V
V
402(5.201500e+04,7.794000e+03)
524(4.911300e+04,3.853000e+03)
V
V
H
V
73(6.790300e+04,2.259900e+04)
398(6.926500e+04,2.105300e+04)
417(7.002300e+04,2.242900e+04)
V
V
404(6.811200e+04,1.985400e+04)
406(6.718600e+04,1.846400e+04)
V
518(7.368900e+04,1.844900e+04)
397(7.118200e+04,1.762100e+04)
522(7.132900e+04,1.604200e+04)
H
H
V
V
579(8.698600e+04,2.224500e+04)
119(8.459100e+04,1.791200e+04)
120(8.741600e+04,1.884600e+04)
519(8.736900e+04,1.864100e+04)
V
H
H
394(7.809200e+04,9.820000e+03)
580(7.617900e+04,1.295800e+04)
H
393(7.755000e+04,2.214300e+04)
74(8.113700e+04,2.005000e+04)
521(8.025300e+04,1.821500e+04)
V
H
H
V
V
V
220(5.354600e+04,2.487700e+04)
99(5.901700e+04,2.548700e+04)
104(5.666200e+04,2.569600e+04)
H
V
98(5.471300e+04,1.999600e+04)
102(5.876900e+04,2.054700e+04)
590(5.657500e+04,2.295600e+04)
V
H
V
138(4.586400e+04,3.024400e+04)
526(4.468800e+04,3.027100e+04)
V
555(4.064200e+04,2.559100e+04)
565(4.225800e+04,2.437800e+04)
V
96(4.570000e+04,2.281000e+04)
224(4.506200e+04,2.374900e+04)
H
V
V
95(5.005700e+04,1.968900e+04)
108(4.748200e+04,2.236800e+04)
109(4.698400e+04,2.087700e+04)
H
H
222(4.967600e+04,2.925400e+04)
112(4.912600e+04,2.646200e+04)
525(5.102400e+04,2.742800e+04)
V
V
V
H
V
559(2.777100e+04,4.862000e+03)
562(2.485300e+04,8.632000e+03)
V
560(3.838100e+04,9.025000e+03)
561(3.685500e+04,1.399400e+04)
111(3.835600e+04,1.184100e+04)
593(3.987700e+04,1.151900e+04)
H
H
H
H
554(3.372900e+04,1.569500e+04)
558(3.350200e+04,1.882500e+04)
563(3.499500e+04,2.003200e+04)
H
H
131(3.224000e+04,2.582900e+04)
527(3.196700e+04,2.329600e+04)
556(3.325500e+04,2.412400e+04)
H
V
564(2.918700e+04,2.576700e+04)
594(2.816100e+04,2.608900e+04)
H
546(2.607600e+04,2.255600e+04)
595(2.909400e+04,2.029200e+04)
V
V
V
H
299(3.119800e+04,3.057300e+04)
302(3.155700e+04,2.989600e+04)
H
542(3.335800e+04,3.237400e+04)
566(3.270700e+04,2.963400e+04)
H
V
94(3.970700e+04,2.946600e+04)
557(3.970600e+04,3.154600e+04)
H
137(3.633700e+04,3.037400e+04)
567(3.557300e+04,2.730000e+04)
V
V
H
V
V
V
88(6.209100e+04,3.849200e+04)
387(6.218100e+04,4.072100e+04)
V
420(6.585500e+04,3.882100e+04)
314(6.363800e+04,4.100600e+04)
76(6.384900e+04,3.974300e+04)
419(6.330500e+04,3.912100e+04)
V
H
V
V
139(5.617500e+04,3.182800e+04)
313(6.002400e+04,3.075600e+04)
405(6.047600e+04,3.247700e+04)
V
421(6.052400e+04,3.643900e+04)
514(5.796400e+04,3.544400e+04)
H
H
H
46(5.731100e+04,4.197200e+04)
307(5.809200e+04,4.233600e+04)
H
305(6.033800e+04,4.241400e+04)
251(6.076400e+04,4.070400e+04)
257(6.003000e+04,4.004000e+04)
H
V
V
V
H
91(5.340600e+04,3.894700e+04)
223(5.276200e+04,3.544700e+04)
322(5.121500e+04,3.652800e+04)
V
H
97(4.802800e+04,3.248700e+04)
568(4.836500e+04,3.280500e+04)
H
41(4.749800e+04,3.653400e+04)
478(4.761900e+04,3.446600e+04)
V
V
42(4.374300e+04,3.354500e+04)
93(4.447300e+04,3.559800e+04)
221(4.458900e+04,3.602400e+04)
H
H
H
H
135(5.177400e+04,4.250000e+04)
422(4.831800e+04,4.158400e+04)
V
92(5.290900e+04,4.630700e+04)
39(4.753400e+04,4.590200e+04)
261(4.969700e+04,4.677600e+04)
V
V
V
113(4.514000e+04,3.651300e+04)
321(4.649700e+04,3.807200e+04)
219(4.567900e+04,3.850000e+04)
324(4.548700e+04,3.846100e+04)
H
V
V
259(4.273800e+04,4.294300e+04)
323(4.227300e+04,4.272200e+04)
H
262(4.080200e+04,4.127000e+04)
303(4.219000e+04,4.185400e+04)
V
H
133(4.449000e+04,4.360900e+04)
260(4.653800e+04,4.309300e+04)
479(4.598500e+04,4.189500e+04)
H
H
H
V
H
H
H
H
H
333(8.617900e+04,4.973400e+04)
368(8.613800e+04,4.818300e+04)
V
230(8.295900e+04,4.756600e+04)
576(8.474900e+04,4.762600e+04)
V
H
82(8.320900e+04,4.427100e+04)
V
68(8.790200e+04,4.494100e+04)
410(8.902500e+04,4.354200e+04)
V
507(8.372700e+04,4.150600e+04)
233(8.418500e+04,4.245400e+04)
587(8.464500e+04,4.258400e+04)
H
H
H
123(8.519800e+04,4.003400e+04)
509(8.516900e+04,3.985900e+04)
V
V
V
409(8.966600e+04,2.946000e+04)
118(8.958900e+04,3.155000e+04)
520(8.944400e+04,3.203500e+04)
V
H
411(9.180000e+04,3.312200e+04)
508(9.270900e+04,3.605000e+04)
582(9.149100e+04,3.751700e+04)
V
V
V
63(9.291100e+04,4.153900e+04)
384(8.875700e+04,3.900100e+04)
415(9.000500e+04,3.831100e+04)
V
H
H
412(8.191400e+04,4.075600e+04)
583(8.325000e+04,3.864400e+04)
389(8.050300e+04,3.993500e+04)
69(8.120800e+04,3.924600e+04)
506(8.155200e+04,3.863400e+04)
H
V
V
H
V
H
413(7.576100e+04,4.055900e+04)
577(7.670000e+04,4.112000e+04)
V
229(7.790000e+04,4.468900e+04)
575(7.734900e+04,4.292300e+04)
H
V
317(7.514200e+04,4.650400e+04)
235(7.322600e+04,4.567500e+04)
496(7.419200e+04,4.574400e+04)
V
H
V
573(7.107500e+04,4.153100e+04)
255(6.890100e+04,4.278200e+04)
516(7.093300e+04,4.275000e+04)
574(7.140200e+04,4.268100e+04)
H
H
V
H
49(6.370400e+04,4.682100e+04)
48(6.445100e+04,4.813700e+04)
V
89(6.593400e+04,4.807200e+04)
315(6.590600e+04,4.751700e+04)
V
H
140(6.773000e+04,4.459500e+04)
515(6.734700e+04,4.426000e+04)
V
327(6.533300e+04,4.180800e+04)
312(6.632900e+04,4.256400e+04)
316(6.584300e+04,4.226100e+04)
V
V
H
H
59(6.859200e+04,4.817500e+04)
378(6.915500e+04,4.895200e+04)
V
115(6.676200e+04,5.012500e+04)
572(6.600600e+04,4.862100e+04)
H
H
379(7.224900e+04,5.095600e+04)
124(7.163400e+04,5.131500e+04)
311(7.156700e+04,5.100400e+04)
V
H
253(7.084500e+04,4.641400e+04)
380(7.125100e+04,4.758200e+04)
V
87(7.008100e+04,4.994100e+04)
79(7.158900e+04,4.858100e+04)
250(7.123500e+04,4.870200e+04)
V
V
V
H
V
H
H
584(8.160200e+04,2.599800e+04)
408(8.264100e+04,2.818500e+04)
581(8.440300e+04,2.740500e+04)
V
H
228(8.087400e+04,3.565100e+04)
510(8.146600e+04,3.564600e+04)
V
416(8.224100e+04,3.305500e+04)
586(8.189400e+04,3.428600e+04)
H
H
H
227(7.167900e+04,2.686000e+04)
121(7.410500e+04,2.470300e+04)
391(7.340000e+04,2.398700e+04)
V
H
385(7.547200e+04,2.886000e+04)
70(7.679700e+04,2.829700e+04)
122(7.598700e+04,2.732900e+04)
H
H
H
386(6.620000e+04,3.044000e+04)
392(6.614500e+04,2.970600e+04)
H
72(6.675300e+04,2.498200e+04)
589(6.312400e+04,2.804500e+04)
71(6.802000e+04,2.706400e+04)
512(6.596400e+04,2.706000e+04)
H
H
H
H
V
47(7.077600e+04,3.838200e+04)
234(7.274000e+04,3.676600e+04)
588(7.225900e+04,3.756900e+04)
H
H
252(6.563100e+04,3.475300e+04)
513(6.916600e+04,3.494000e+04)
H
103(7.045200e+04,3.257800e+04)
390(7.193100e+04,3.304500e+04)
H
418(6.730700e+04,3.277400e+04)
511(6.839600e+04,3.180800e+04)
V
H
V
H
578(7.748200e+04,3.342400e+04)
585(7.705500e+04,3.345800e+04)
V
116(7.661100e+04,3.772300e+04)
414(7.815500e+04,3.623800e+04)
V
V
117(7.636700e+04,3.058400e+04)
388(7.606500e+04,3.171500e+04)
407(7.583600e+04,3.134400e+04)
V
75(7.419500e+04,3.225300e+04)
517(7.517800e+04,3.085600e+04)
V
V
H
H
H
H
V
H
H
V
H
V
