845(9.068400e+04,3.198000e+04)
681(9.089800e+04,3.580400e+04)
V
682(9.153600e+04,3.756800e+04)
687(9.058600e+04,3.723400e+04)
V
420(9.507800e+04,3.733500e+04)
624(9.232400e+04,3.696300e+04)
V
H
H
424(8.415700e+04,3.738700e+04)
685(8.635700e+04,3.699300e+04)
H
781(8.437100e+04,3.197700e+04)
783(8.408900e+04,3.020600e+04)
H
351(8.641700e+04,3.389300e+04)
680(8.651400e+04,3.346700e+04)
H
322(8.321600e+04,3.558200e+04)
689(8.320600e+04,3.370200e+04)
V
H
V
H
V
68(7.825800e+04,3.911700e+04)
321(7.754400e+04,3.837400e+04)
H
71(8.134500e+04,3.923500e+04)
215(8.067100e+04,4.071400e+04)
H
784(7.925100e+04,4.031800e+04)
422(7.873400e+04,4.105500e+04)
423(7.944500e+04,4.117200e+04)
H
V
H
H
69(7.955500e+04,3.113700e+04)
620(7.966900e+04,3.471800e+04)
V
72(7.514500e+04,3.421600e+04)
411(7.722100e+04,3.415000e+04)
756(7.785700e+04,3.340600e+04)
H
V
V
V
H
847(7.361700e+04,3.568500e+04)
390(7.197600e+04,3.992900e+04)
377(7.292700e+04,3.788400e+04)
691(7.214300e+04,3.745500e+04)
H
H
V
182(6.893600e+04,3.633900e+04)
850(6.913500e+04,3.620700e+04)
V
353(6.853300e+04,3.433000e+04)
376(6.961100e+04,3.482700e+04)
H
V
395(7.027200e+04,4.121700e+04)
392(6.836000e+04,4.191600e+04)
V
366(6.759000e+04,3.791900e+04)
70(7.084200e+04,3.843000e+04)
73(6.917900e+04,3.881900e+04)
H
V
H
V
V
74(7.250200e+04,4.601200e+04)
141(7.185700e+04,4.601200e+04)
H
755(7.200900e+04,4.328500e+04)
64(7.164100e+04,4.453300e+04)
350(7.223200e+04,4.470700e+04)
V
V
V
374(6.866200e+04,4.579200e+04)
140(6.850800e+04,4.451000e+04)
785(6.823300e+04,4.386800e+04)
V
V
533(7.097400e+04,4.545700e+04)
394(7.089000e+04,4.405100e+04)
826(7.101700e+04,4.383400e+04)
V
H
V
H
168(7.731800e+04,4.137300e+04)
535(7.624700e+04,4.171500e+04)
V
296(7.402400e+04,4.224700e+04)
861(7.510200e+04,4.089100e+04)
V
H
167(7.586200e+04,4.794200e+04)
352(7.630100e+04,4.807900e+04)
H
66(7.492600e+04,4.530000e+04)
825(7.569400e+04,4.647000e+04)
H
V
412(7.371200e+04,4.446300e+04)
H
V
H
H
V
75(8.164000e+04,4.477400e+04)
846(8.023900e+04,4.575500e+04)
V
375(7.902600e+04,4.797900e+04)
H
418(8.015000e+04,4.951100e+04)
393(7.910000e+04,4.913900e+04)
177(7.989800e+04,4.851400e+04)
217(7.940300e+04,4.866600e+04)
V
V
V
V
842(7.451200e+04,5.641900e+04)
416(7.554100e+04,5.356300e+04)
V
331(7.487900e+04,5.050100e+04)
47(7.537300e+04,5.186400e+04)
391(7.484700e+04,5.233400e+04)
H
H
H
11(8.184100e+04,5.344600e+04)
338(8.458700e+04,5.320100e+04)
627(8.379500e+04,5.280100e+04)
H
H
339(7.680100e+04,5.388900e+04)
414(7.712400e+04,5.343800e+04)
V
169(7.857600e+04,5.318900e+04)
337(7.920700e+04,5.294400e+04)
V
V
V
V
V
862(8.663300e+04,4.227800e+04)
421(8.396100e+04,4.819800e+04)
21(8.526500e+04,4.615900e+04)
843(8.513100e+04,4.586400e+04)
H
415(8.621100e+04,4.545400e+04)
419(8.706300e+04,4.553300e+04)
V
H
H
H
626(9.758800e+04,4.271400e+04)
686(9.403500e+04,4.770900e+04)
683(9.722100e+04,4.717300e+04)
844(9.709800e+04,4.620900e+04)
V
H
V
216(8.965500e+04,5.031500e+04)
323(9.145300e+04,4.984800e+04)
V
684(9.276800e+04,4.474200e+04)
49(8.915900e+04,4.553600e+04)
625(8.893300e+04,4.494800e+04)
H
H
H
V
V
48(8.779000e+04,5.679200e+04)
20(8.847500e+04,5.857300e+04)
218(8.782300e+04,5.846300e+04)
V
V
18(8.479300e+04,5.908000e+04)
63(8.379100e+04,5.855500e+04)
H
175(8.716300e+04,5.877800e+04)
V
V
151(9.349800e+04,6.474900e+04)
174(9.275600e+04,6.333800e+04)
H
12(9.301700e+04,6.039200e+04)
V
76(9.360000e+04,5.520100e+04)
17(9.607800e+04,5.711300e+04)
176(9.456600e+04,5.806000e+04)
325(9.500200e+04,5.736800e+04)
V
V
324(9.815200e+04,5.955900e+04)
22(9.439000e+04,5.930000e+04)
152(9.506400e+04,5.988500e+04)
H
H
V
V
V
V
H
H
V
42(9.416900e+04,8.678700e+04)
55(9.644500e+04,8.727500e+04)
H
41(9.278200e+04,9.079400e+04)
44(9.007600e+04,8.843400e+04)
V
V
40(8.531000e+04,8.448200e+04)
V
54(9.026700e+04,7.567200e+04)
36(8.681200e+04,7.590900e+04)
172(8.740400e+04,7.471200e+04)
V
H
14(9.373400e+04,7.752100e+04)
43(9.340500e+04,7.787200e+04)
H
13(9.741600e+04,7.300600e+04)
62(9.129800e+04,7.228500e+04)
173(9.238800e+04,7.283000e+04)
V
V
V
V
164(9.211200e+04,6.900900e+04)
23(9.001700e+04,7.088400e+04)
153(9.016200e+04,6.942800e+04)
V
H
163(8.884600e+04,6.222200e+04)
16(9.058800e+04,6.617000e+04)
333(8.941800e+04,6.561000e+04)
335(8.899000e+04,6.661900e+04)
H
V
V
V
H
H
159(7.320400e+04,7.778800e+04)
26(7.385800e+04,8.041600e+04)
V
37(7.566500e+04,8.186200e+04)
201(7.557000e+04,8.194100e+04)
V
629(7.766400e+04,8.049700e+04)
38(7.586300e+04,7.999500e+04)
V
V
V
630(7.828500e+04,8.485600e+04)
79(8.153100e+04,8.302500e+04)
V
25(8.124500e+04,7.963500e+04)
273(8.454900e+04,8.035700e+04)
155(8.305600e+04,8.225100e+04)
275(8.265200e+04,8.247000e+04)
H
V
V
H
V
56(8.451000e+04,7.414300e+04)
631(8.508700e+04,7.294100e+04)
V
328(8.248200e+04,7.232800e+04)
171(8.355000e+04,7.332300e+04)
V
V
150(8.185000e+04,7.030700e+04)
326(8.158700e+04,6.958100e+04)
V
145(8.280300e+04,6.946300e+04)
327(8.389000e+04,6.955700e+04)
H
H
H
154(8.287000e+04,7.703200e+04)
34(8.200600e+04,7.810000e+04)
61(8.243600e+04,7.820600e+04)
H
V
V
822(7.214100e+04,7.161900e+04)
35(7.332900e+04,7.336700e+04)
219(7.365800e+04,7.163500e+04)
271(7.358700e+04,7.193000e+04)
V
V
V
334(7.618800e+04,6.948000e+04)
272(7.734600e+04,7.101700e+04)
279(7.687300e+04,7.037300e+04)
V
H
33(7.800400e+04,7.337300e+04)
24(7.607600e+04,7.372200e+04)
45(7.567900e+04,7.548600e+04)
V
V
H
H
H
H
H
10(7.930800e+04,6.688200e+04)
628(8.076600e+04,6.689300e+04)
H
77(7.997900e+04,6.903200e+04)
15(8.102400e+04,6.817900e+04)
51(8.076500e+04,6.804600e+04)
V
V
V
162(7.739200e+04,6.485500e+04)
53(7.578800e+04,6.454200e+04)
336(7.535100e+04,6.592300e+04)
V
H
V
19(7.688000e+04,5.893000e+04)
65(7.785500e+04,5.701100e+04)
V
165(8.092400e+04,6.142900e+04)
332(8.251800e+04,6.127500e+04)
H
632(8.062000e+04,5.928500e+04)
50(7.946400e+04,5.976600e+04)
330(8.019900e+04,5.986200e+04)
V
H
V
H
V
633(7.089400e+04,7.040600e+04)
146(7.025100e+04,7.243200e+04)
52(6.894300e+04,7.017500e+04)
821(6.932600e+04,7.155700e+04)
H
H
V
149(7.064400e+04,6.461300e+04)
329(6.814400e+04,6.460600e+04)
H
144(7.044900e+04,6.854400e+04)
V
170(7.380100e+04,6.766900e+04)
32(7.151400e+04,6.968900e+04)
200(7.090700e+04,6.930600e+04)
H
V
H
H
166(7.005100e+04,5.975100e+04)
342(6.625700e+04,5.950900e+04)
823(6.691700e+04,5.857400e+04)
H
H
820(6.386800e+04,6.183800e+04)
841(6.504800e+04,6.322200e+04)
46(6.562300e+04,6.168000e+04)
220(6.549900e+04,6.239800e+04)
H
H
V
V
270(6.195400e+04,6.290900e+04)
197(6.217600e+04,6.452200e+04)
212(6.068700e+04,6.452000e+04)
H
V
H
V
H
H
H
81(6.480800e+04,8.743200e+04)
85(6.657600e+04,8.813100e+04)
V
815(6.411800e+04,8.357800e+04)
206(6.443600e+04,8.505700e+04)
208(6.463600e+04,8.465700e+04)
V
H
V
57(7.014300e+04,8.544400e+04)
158(6.930900e+04,8.531100e+04)
H
78(6.818500e+04,8.274000e+04)
83(6.781400e+04,8.212200e+04)
V
199(7.239100e+04,8.217100e+04)
28(6.938100e+04,8.166900e+04)
222(7.009000e+04,8.266900e+04)
H
V
H
V
V
187(6.076500e+04,8.224500e+04)
812(6.098300e+04,8.240500e+04)
V
31(6.450400e+04,8.203300e+04)
226(6.345300e+04,8.115700e+04)
V
V
223(5.973800e+04,7.658400e+04)
269(5.923500e+04,7.700400e+04)
H
278(6.225800e+04,7.925800e+04)
27(6.254700e+04,7.809000e+04)
280(6.253500e+04,7.871500e+04)
V
H
H
H
122(6.569600e+04,7.298900e+04)
634(6.572200e+04,7.159400e+04)
V
232(6.320200e+04,7.390400e+04)
819(6.168800e+04,7.603900e+04)
V
202(6.959700e+04,7.565700e+04)
207(6.778800e+04,7.722600e+04)
H
221(6.495800e+04,7.676300e+04)
225(6.493200e+04,7.582700e+04)
V
V
V
V
H
V
157(7.876300e+04,9.540300e+04)
39(7.420400e+04,9.423000e+04)
H
29(7.095700e+04,9.225800e+04)
58(7.203900e+04,9.200200e+04)
274(7.306800e+04,9.205900e+04)
H
H
H
59(7.351500e+04,8.609200e+04)
60(7.425000e+04,8.815600e+04)
V
276(7.571200e+04,9.012100e+04)
80(7.397700e+04,8.901400e+04)
156(7.427500e+04,8.965900e+04)
H
V
H
H
87(6.010100e+04,8.504600e+04)
123(5.925600e+04,8.658100e+04)
H
86(5.578800e+04,8.505900e+04)
281(5.590900e+04,8.396300e+04)
H
121(5.486400e+04,8.598800e+04)
124(5.438500e+04,8.567600e+04)
V
H
H
205(5.890600e+04,9.250800e+04)
227(5.984200e+04,9.205900e+04)
814(6.020800e+04,9.125700e+04)
V
816(5.824400e+04,9.015000e+04)
84(6.003300e+04,9.015800e+04)
V
V
H
813(6.244900e+04,9.639300e+04)
188(5.898100e+04,9.512900e+04)
82(5.983300e+04,9.375900e+04)
V
V
30(6.469500e+04,9.229800e+04)
817(6.319700e+04,9.344000e+04)
H
277(6.142600e+04,8.918700e+04)
228(6.159300e+04,9.036500e+04)
229(6.147600e+04,9.029600e+04)
H
V
H
V
V
V
V
H
737(3.453300e+04,9.227300e+04)
126(3.522400e+04,8.839500e+04)
264(3.581300e+04,8.966100e+04)
H
V
118(2.675700e+04,8.347500e+04)
266(3.171500e+04,8.594100e+04)
H
119(3.499500e+04,8.076700e+04)
572(3.205700e+04,8.186200e+04)
V
115(3.285400e+04,7.793500e+04)
117(3.010400e+04,7.931900e+04)
V
V
H
V
749(4.734500e+04,7.463800e+04)
571(4.609600e+04,7.719000e+04)
810(4.649800e+04,7.720000e+04)
V
V
128(4.027900e+04,7.469600e+04)
125(4.295200e+04,7.558800e+04)
267(4.270700e+04,7.434500e+04)
V
V
190(4.161500e+04,8.392100e+04)
741(4.141900e+04,8.158500e+04)
H
91(3.923600e+04,7.938100e+04)
116(4.076400e+04,7.783600e+04)
736(4.154200e+04,7.838900e+04)
H
V
H
H
V
H
735(3.972000e+04,8.641500e+04)
268(4.481300e+04,8.759800e+04)
193(4.449000e+04,8.403500e+04)
V
H
231(5.111300e+04,8.690900e+04)
740(4.897400e+04,8.666800e+04)
H
263(4.818900e+04,8.882200e+04)
H
V
262(5.255200e+04,9.507000e+04)
230(4.765000e+04,9.503200e+04)
H
90(4.318300e+04,9.328600e+04)
192(4.829800e+04,9.217800e+04)
739(4.894000e+04,9.137100e+04)
V
H
V
194(5.417500e+04,9.070300e+04)
818(5.134300e+04,8.984600e+04)
H
89(5.525300e+04,8.749500e+04)
209(5.328900e+04,8.622300e+04)
88(5.326600e+04,8.771300e+04)
189(5.352300e+04,8.700500e+04)
V
H
H
H
V
V
203(5.483300e+04,8.017300e+04)
204(5.569100e+04,7.967500e+04)
811(5.601300e+04,8.037200e+04)
H
V
191(5.273500e+04,7.813500e+04)
195(5.293800e+04,7.692400e+04)
H
211(5.450100e+04,7.893400e+04)
282(5.472300e+04,7.789700e+04)
V
H
V
242(5.001500e+04,8.108500e+04)
261(4.786400e+04,8.081500e+04)
H
738(4.424600e+04,7.942100e+04)
290(4.678100e+04,8.193400e+04)
120(4.630200e+04,8.045000e+04)
245(4.552700e+04,8.000300e+04)
V
H
V
H
H
H
V
H
251(5.120300e+04,6.769800e+04)
138(5.210600e+04,6.914400e+04)
789(5.380600e+04,6.859000e+04)
V
H
748(5.137300e+04,7.339800e+04)
196(5.092300e+04,7.307800e+04)
289(5.102300e+04,7.293100e+04)
V
V
244(4.870700e+04,6.879100e+04)
246(4.787500e+04,7.146500e+04)
H
186(5.077200e+04,7.195400e+04)
H
V
H
570(5.773200e+04,7.323700e+04)
285(5.801900e+04,6.938300e+04)
291(5.669700e+04,6.986200e+04)
V
H
9(6.474300e+04,6.773400e+04)
198(6.222800e+04,6.875900e+04)
H
143(5.764300e+04,6.621200e+04)
283(5.867700e+04,6.483900e+04)
V
147(6.057300e+04,6.626500e+04)
160(6.113400e+04,6.751600e+04)
243(6.098700e+04,6.755700e+04)
V
V
V
H
H
224(5.326200e+04,6.479300e+04)
233(5.450500e+04,6.553400e+04)
234(5.472000e+04,6.533600e+04)
H
V
5(5.540600e+04,6.308600e+04)
7(5.569600e+04,6.422000e+04)
H
185(5.577000e+04,6.182900e+04)
294(5.574700e+04,6.154000e+04)
H
V
H
569(5.880600e+04,6.033600e+04)
293(5.690200e+04,6.182400e+04)
H
341(5.564500e+04,5.921800e+04)
732(5.649900e+04,5.758000e+04)
V
H
H
H
H
347(5.465900e+04,4.496200e+04)
787(5.653500e+04,4.368700e+04)
H
397(5.556700e+04,4.728500e+04)
V
565(5.825100e+04,4.826500e+04)
532(6.022200e+04,4.738300e+04)
636(6.028100e+04,4.630300e+04)
H
V
184(6.268800e+04,4.731900e+04)
V
V
692(5.986200e+04,4.069200e+04)
398(6.077800e+04,4.225000e+04)
406(5.964900e+04,4.233100e+04)
H
H
837(6.548100e+04,4.175200e+04)
299(6.325100e+04,3.871300e+04)
297(6.443600e+04,4.027300e+04)
561(6.456100e+04,4.135500e+04)
V
H
H
H
H
161(6.694700e+04,5.416300e+04)
178(6.775700e+04,5.495100e+04)
V
413(6.631000e+04,5.240800e+04)
855(6.646800e+04,4.995100e+04)
V
H
214(7.226800e+04,5.110800e+04)
840(7.145100e+04,5.105900e+04)
H
417(6.968000e+04,4.805300e+04)
839(6.907800e+04,5.039700e+04)
H
295(6.879700e+04,5.154400e+04)
340(6.798900e+04,5.189800e+04)
H
H
V
V
213(6.335200e+04,5.011700e+04)
396(6.469100e+04,5.011700e+04)
H
860(6.118700e+04,4.958600e+04)
181(6.404800e+04,4.907200e+04)
V
H
183(6.444900e+04,4.583100e+04)
534(6.633800e+04,4.670200e+04)
568(6.570100e+04,4.691300e+04)
H
348(6.479800e+04,4.789300e+04)
179(6.623800e+04,4.807600e+04)
V
V
H
H
H
2(5.716900e+04,5.209800e+04)
838(5.757500e+04,5.122700e+04)
V
567(5.940300e+04,5.396000e+04)
H
824(6.261600e+04,5.787200e+04)
786(6.045500e+04,5.734000e+04)
854(6.089600e+04,5.618400e+04)
H
V
139(5.689200e+04,5.482700e+04)
148(5.611300e+04,5.580800e+04)
V
142(5.778800e+04,5.699400e+04)
349(5.849500e+04,5.791400e+04)
V
V
V
V
H
H
717(3.143600e+04,5.110500e+04)
254(2.915900e+04,5.245600e+04)
803(3.079400e+04,5.354400e+04)
H
H
445(3.867000e+04,4.984200e+04)
793(3.403500e+04,4.898000e+04)
H
V
137(4.168700e+04,5.681900e+04)
253(3.881100e+04,5.714700e+04)
H
287(3.661700e+04,5.562700e+04)
752(3.580000e+04,5.264600e+04)
256(3.485600e+04,5.367000e+04)
H
V
V
240(2.976300e+04,5.926400e+04)
802(3.342900e+04,5.926800e+04)
H
134(3.554100e+04,6.130800e+04)
808(3.446900e+04,6.062000e+04)
V
V
751(3.367200e+04,5.519400e+04)
804(3.494400e+04,5.520000e+04)
V
V
V
H
639(4.715900e+04,4.687300e+04)
858(4.757800e+04,4.766000e+04)
V
791(4.870100e+04,4.815300e+04)
564(4.662400e+04,4.810900e+04)
V
H
693(4.892900e+04,4.221600e+04)
443(4.557100e+04,4.261900e+04)
H
656(4.543100e+04,3.842100e+04)
563(4.598200e+04,4.091300e+04)
753(4.644400e+04,3.983000e+04)
H
V
H
543(3.958800e+04,4.262700e+04)
640(3.814200e+04,4.465200e+04)
H
444(4.637400e+04,4.484500e+04)
344(4.413000e+04,4.646500e+04)
731(4.414600e+04,4.535000e+04)
H
V
V
V
V
4(5.470100e+04,5.039800e+04)
180(5.370400e+04,5.104900e+04)
V
853(5.196700e+04,4.835700e+04)
856(5.390000e+04,4.929500e+04)
V
H
8(5.211600e+04,5.572500e+04)
284(5.310700e+04,5.511700e+04)
H
562(5.051700e+04,5.354200e+04)
343(5.266500e+04,5.204500e+04)
566(5.225300e+04,5.318000e+04)
H
V
V
V
3(4.815000e+04,6.046400e+04)
859(4.731100e+04,6.117900e+04)
V
790(5.128900e+04,6.264500e+04)
135(4.888100e+04,6.171600e+04)
235(5.007800e+04,6.208000e+04)
H
V
V
788(4.930100e+04,5.722300e+04)
6(4.807800e+04,5.703700e+04)
857(4.805700e+04,5.666800e+04)
H
V
1(5.124600e+04,5.761000e+04)
635(5.124200e+04,5.949400e+04)
H
V
V
H
V
V
V
V
V
V
660(4.256800e+04,3.032000e+04)
382(4.082400e+04,3.058600e+04)
655(4.049700e+04,2.911200e+04)
V
V
346(4.003900e+04,3.277800e+04)
401(4.166300e+04,3.483400e+04)
661(4.058700e+04,3.530000e+04)
H
V
H
659(4.628200e+04,2.759500e+04)
662(4.488600e+04,2.888400e+04)
V
502(4.290500e+04,2.574400e+04)
663(4.126600e+04,2.741300e+04)
H
V
648(3.824700e+04,2.491800e+04)
500(3.780500e+04,2.782000e+04)
654(3.759400e+04,2.659400e+04)
V
V
V
V
716(3.588600e+04,4.049000e+04)
345(3.573800e+04,3.894100e+04)
483(3.515800e+04,3.799600e+04)
H
V
727(3.222400e+04,3.482400e+04)
696(3.338500e+04,3.452500e+04)
792(3.445000e+04,3.462900e+04)
H
H
484(3.645200e+04,3.144300e+04)
642(3.715700e+04,3.514900e+04)
458(3.552900e+04,3.622200e+04)
V
H
V
V
V
381(4.922500e+04,2.266800e+04)
503(4.778200e+04,2.213600e+04)
H
359(5.158800e+04,1.928500e+04)
301(5.418800e+04,2.089500e+04)
308(5.370400e+04,1.987400e+04)
V
V
V
650(5.326800e+04,2.401300e+04)
657(5.377600e+04,2.495600e+04)
832(5.402200e+04,2.559500e+04)
V
V
400(4.987200e+04,2.630200e+04)
404(5.246000e+04,2.522900e+04)
H
513(5.142200e+04,2.861200e+04)
V
H
H
669(5.808200e+04,2.494100e+04)
851(5.730300e+04,2.570800e+04)
H
646(5.995200e+04,2.418600e+04)
298(5.881000e+04,2.650100e+04)
372(5.943900e+04,2.617900e+04)
V
H
H
560(5.887200e+04,3.053500e+04)
405(5.808200e+04,2.925300e+04)
493(5.938200e+04,2.915000e+04)
V
H
V
H
403(4.470700e+04,3.514600e+04)
649(4.897300e+04,3.618100e+04)
695(4.733300e+04,3.635100e+04)
V
388(4.629500e+04,3.334600e+04)
542(4.835200e+04,3.234200e+04)
H
V
V
852(5.276700e+04,3.907900e+04)
408(5.289500e+04,4.109800e+04)
643(5.131800e+04,4.068900e+04)
H
H
300(5.396200e+04,3.219700e+04)
435(5.215400e+04,3.058700e+04)
440(5.163400e+04,3.149500e+04)
V
H
373(5.463400e+04,3.420400e+04)
436(5.465800e+04,3.464900e+04)
H
637(5.155500e+04,3.493200e+04)
399(5.564700e+04,3.514700e+04)
442(5.488000e+04,3.548500e+04)
H
H
H
V
H
V
H
67(6.360800e+04,3.400000e+04)
531(6.412800e+04,3.398000e+04)
H
437(6.508500e+04,3.199700e+04)
439(6.485300e+04,3.299400e+04)
V
V
380(5.903200e+04,3.592100e+04)
536(6.175500e+04,3.557300e+04)
638(6.102600e+04,3.515500e+04)
V
H
389(5.897000e+04,3.241600e+04)
694(5.965400e+04,3.334900e+04)
754(5.963000e+04,3.281400e+04)
H
H
407(6.059500e+04,3.187400e+04)
441(5.940800e+04,3.134500e+04)
827(5.956900e+04,3.152500e+04)
V
V
V
H
H
409(6.215000e+04,3.071900e+04)
378(6.222800e+04,2.813200e+04)
H
537(6.130800e+04,2.622500e+04)
644(6.273000e+04,2.658600e+04)
H
V
358(5.662700e+04,2.729600e+04)
492(5.928200e+04,2.750800e+04)
V
H
V
619(7.428100e+04,3.050600e+04)
530(7.328800e+04,2.679000e+04)
772(7.424700e+04,2.824400e+04)
836(7.492000e+04,2.854000e+04)
H
V
V
368(7.104400e+04,3.242000e+04)
848(7.175900e+04,3.237900e+04)
H
410(7.264100e+04,2.920200e+04)
V
H
320(6.745700e+04,2.683800e+04)
365(6.839100e+04,2.721400e+04)
367(6.927600e+04,2.726400e+04)
V
H
526(7.160000e+04,2.361400e+04)
782(7.055700e+04,2.206900e+04)
828(7.055000e+04,2.209200e+04)
H
V
V
434(6.411500e+04,2.323600e+04)
438(6.306500e+04,2.329800e+04)
H
671(6.765800e+04,2.190800e+04)
776(6.844000e+04,2.180100e+04)
V
379(6.523300e+04,2.313400e+04)
370(6.438200e+04,2.230500e+04)
V
V
H
V
H
H
H
V
615(6.857300e+04,4.126000e+03)
778(6.850500e+04,8.214000e+03)
V
307(6.723300e+04,1.086500e+04)
645(6.783000e+04,1.277200e+04)
V
518(7.207400e+04,1.261600e+04)
521(7.036000e+04,1.385900e+04)
V
V
V
766(7.565500e+04,6.070000e+02)
311(7.989800e+04,1.793000e+03)
779(8.107800e+04,2.990000e+03)
H
H
319(7.920700e+04,1.183200e+04)
765(7.733200e+04,9.399000e+03)
V
617(7.070900e+04,9.309000e+03)
775(7.314000e+04,8.991000e+03)
V
431(7.647500e+04,8.419000e+03)
829(7.486100e+04,8.296000e+03)
H
V
H
V
V
313(8.267200e+04,1.142900e+04)
529(8.444100e+04,1.237600e+04)
V
527(8.312000e+04,1.943700e+04)
672(8.185100e+04,1.637400e+04)
771(8.216700e+04,1.768300e+04)
H
H
V
318(7.508700e+04,1.484000e+04)
363(7.431900e+04,1.688100e+04)
616(7.297200e+04,1.754400e+04)
H
H
763(7.762900e+04,1.616800e+04)
312(8.012500e+04,1.561100e+04)
762(7.950400e+04,1.739300e+04)
V
H
H
V
757(8.484400e+04,2.291600e+04)
768(8.833200e+04,2.231000e+04)
V
675(8.696800e+04,2.799500e+04)
676(8.888700e+04,2.582700e+04)
688(8.611100e+04,2.519500e+04)
V
V
V
677(8.074000e+04,2.350900e+04)
354(8.182300e+04,2.672500e+04)
849(7.986000e+04,2.585000e+04)
V
V
621(7.816000e+04,2.454900e+04)
355(7.577600e+04,2.540600e+04)
690(7.661800e+04,2.516200e+04)
V
H
V
V
767(7.877900e+04,2.203700e+04)
673(7.503900e+04,2.182500e+04)
780(7.827400e+04,1.953500e+04)
674(7.759300e+04,2.145200e+04)
773(7.779700e+04,2.240800e+04)
V
V
V
V
H
H
V
425(9.716300e+04,2.800000e+04)
679(9.281400e+04,2.355200e+04)
426(9.667900e+04,2.302600e+04)
760(9.617300e+04,2.390900e+04)
V
H
678(9.392700e+04,3.064400e+04)
623(9.518100e+04,2.592100e+04)
427(9.467200e+04,2.683000e+04)
428(9.463500e+04,2.639400e+04)
H
H
H
V
H
528(9.554900e+04,1.376500e+04)
759(9.535300e+04,1.421300e+04)
H
769(9.662000e+04,1.838600e+04)
314(9.282200e+04,1.563200e+04)
429(9.164300e+04,1.821500e+04)
H
V
H
316(8.681400e+04,1.368200e+04)
317(8.737300e+04,1.361400e+04)
H
761(8.776800e+04,1.010800e+04)
770(9.131500e+04,1.068200e+04)
H
H
315(9.013500e+04,8.214000e+03)
430(9.017900e+04,6.236000e+03)
H
764(9.043900e+04,1.337800e+04)
622(9.092600e+04,1.165400e+04)
758(9.145100e+04,1.199700e+04)
H
V
H
H
V
H
H
523(6.110500e+04,3.092000e+03)
303(6.393400e+04,3.448000e+03)
667(6.292900e+04,3.221000e+03)
H
H
357(5.534700e+04,2.762000e+03)
517(5.881600e+04,2.793000e+03)
668(5.775300e+04,3.426000e+03)
H
V
V
362(6.320400e+04,9.981000e+03)
356(6.226200e+04,1.377200e+04)
490(6.174500e+04,1.066900e+04)
522(6.189500e+04,1.195100e+04)
H
V
V
V
777(5.567100e+04,1.757900e+04)
304(5.450500e+04,1.686000e+04)
541(5.391900e+04,1.809400e+04)
V
H
302(5.448300e+04,1.321900e+04)
487(5.389700e+04,1.407500e+04)
V
614(5.690200e+04,1.544800e+04)
516(5.748700e+04,1.405800e+04)
525(5.799800e+04,1.395900e+04)
H
V
V
H
507(5.111700e+04,1.036800e+04)
647(5.160200e+04,1.067900e+04)
H
306(5.252600e+04,8.680000e+03)
371(5.271500e+04,8.521000e+03)
H
433(5.432300e+04,7.393000e+03)
489(5.428200e+04,8.232000e+03)
V
H
V
831(5.850600e+04,1.117300e+04)
360(5.570200e+04,1.025200e+04)
488(5.618600e+04,1.229900e+04)
496(5.581000e+04,1.224900e+04)
V
V
H
V
H
V
309(6.512900e+04,1.502200e+04)
774(6.502800e+04,1.463700e+04)
H
310(6.588800e+04,1.557100e+04)
514(6.589000e+04,1.443900e+04)
H
V
432(6.605700e+04,1.789600e+04)
364(6.316200e+04,1.775000e+04)
494(6.426300e+04,1.751600e+04)
833(6.498800e+04,1.694600e+04)
H
H
H
H
495(6.297600e+04,1.907900e+04)
515(6.245800e+04,1.984800e+04)
H
519(6.085200e+04,2.142600e+04)
834(6.128200e+04,1.861100e+04)
835(6.125800e+04,1.860400e+04)
H
V
H
369(6.109600e+04,1.806200e+04)
830(6.160100e+04,1.744900e+04)
V
618(6.000200e+04,1.729800e+04)
520(6.071400e+04,1.523300e+04)
305(6.064900e+04,1.747200e+04)
670(6.057700e+04,1.712500e+04)
H
V
V
V
V
V
V
383(4.396400e+04,1.922200e+04)
665(4.237600e+04,1.939600e+04)
V
559(4.462600e+04,1.701700e+04)
548(4.302500e+04,1.771100e+04)
V
V
498(4.105000e+04,2.234600e+04)
506(4.239900e+04,2.197200e+04)
V
558(3.861400e+04,1.847500e+04)
486(4.133100e+04,1.795900e+04)
509(4.048900e+04,1.840400e+04)
H
H
V
V
512(4.564300e+04,9.260000e+03)
510(4.199200e+04,8.093000e+03)
613(4.246100e+04,1.015400e+04)
H
H
499(3.741400e+04,1.371800e+04)
505(3.888400e+04,1.447900e+04)
658(3.920900e+04,1.289000e+04)
V
V
540(4.415200e+04,1.256500e+04)
551(4.197900e+04,1.378700e+04)
651(4.078400e+04,1.195200e+04)
H
V
H
H
V
361(5.217200e+04,4.934000e+03)
497(5.126500e+04,5.543000e+03)
V
524(4.955100e+04,2.790000e+03)
491(4.992500e+04,5.167000e+03)
H
V
652(4.398700e+04,1.411000e+03)
384(4.623800e+04,7.122000e+03)
508(4.631700e+04,7.435000e+03)
V
V
V
538(4.819300e+04,1.456600e+04)
666(4.830600e+04,1.440000e+04)
H
501(5.162800e+04,1.490000e+04)
664(5.012800e+04,1.470000e+04)
H
H
H
V
V
V
V
99(2.673000e+03,4.838400e+04)
466(8.398000e+03,4.814200e+04)
H
703(4.047000e+03,3.575600e+04)
102(1.271000e+03,4.290400e+04)
707(4.556000e+03,4.106100e+04)
H
V
H
720(9.170000e+03,4.171500e+04)
98(1.470600e+04,4.222100e+04)
800(1.251100e+04,4.131200e+04)
V
V
103(1.526100e+04,4.691000e+04)
101(1.286000e+04,4.759900e+04)
467(1.276000e+04,4.635400e+04)
H
H
H
585(2.252100e+04,4.347400e+04)
96(2.180900e+04,4.162500e+04)
603(2.126100e+04,4.043500e+04)
V
H
795(1.949000e+04,4.299600e+04)
718(1.796900e+04,4.424500e+04)
799(1.819900e+04,4.459300e+04)
H
V
H
H
H
586(1.286100e+04,3.503900e+04)
708(1.180400e+04,3.577100e+04)
V
597(1.640000e+04,3.772700e+04)
474(1.641300e+04,3.585600e+04)
H
599(1.385200e+04,3.728800e+04)
595(1.518500e+04,3.888000e+04)
H
H
H
724(1.434000e+04,3.177700e+04)
448(1.423400e+04,3.257400e+04)
472(1.488700e+04,3.281200e+04)
H
V
606(1.690400e+04,3.440900e+04)
465(1.496200e+04,3.488300e+04)
722(1.533200e+04,3.530100e+04)
H
V
H
H
590(1.615800e+04,2.610500e+04)
480(1.312000e+04,2.606100e+04)
H
719(9.663000e+03,3.004900e+04)
798(1.075100e+04,3.084400e+04)
V
604(1.186300e+04,2.814100e+04)
598(1.417800e+04,2.700000e+04)
702(1.397100e+04,2.828400e+04)
V
V
V
594(1.645600e+04,2.876400e+04)
605(1.714000e+04,2.914500e+04)
H
608(1.665500e+04,3.140000e+04)
588(1.804500e+04,3.096400e+04)
721(1.760000e+04,3.114900e+04)
V
H
V
V
V
H
H
464(1.849900e+04,3.929700e+04)
468(2.053800e+04,3.779700e+04)
469(2.051300e+04,3.660000e+04)
H
H
587(2.715500e+04,3.915100e+04)
726(2.579400e+04,3.983000e+04)
H
554(2.352600e+04,3.990400e+04)
704(2.189000e+04,3.924000e+04)
H
H
H
454(2.876400e+04,3.217500e+04)
699(2.784500e+04,3.227100e+04)
V
592(2.706100e+04,2.938400e+04)
479(2.542000e+04,3.134800e+04)
711(2.578800e+04,3.035800e+04)
V
V
V
447(2.319400e+04,3.138400e+04)
601(2.354700e+04,3.100200e+04)
V
473(2.024200e+04,3.208700e+04)
728(2.072900e+04,3.110500e+04)
H
H
H
H
584(3.445700e+04,4.307000e+04)
583(3.373500e+04,4.611300e+04)
730(3.254700e+04,4.543700e+04)
H
V
446(2.770200e+04,4.275400e+04)
705(2.960500e+04,4.514000e+04)
582(2.782400e+04,4.416800e+04)
794(2.675400e+04,4.413800e+04)
V
V
V
V
460(3.034500e+04,3.398400e+04)
729(3.026100e+04,3.375600e+04)
V
555(3.115300e+04,3.373300e+04)
544(3.076700e+04,3.379600e+04)
715(3.055400e+04,3.386900e+04)
H
V
H
797(2.472500e+04,3.608100e+04)
481(2.396200e+04,3.428100e+04)
641(2.347500e+04,3.458000e+04)
H
V
462(2.856100e+04,3.736500e+04)
459(2.822800e+04,3.387600e+04)
V
V
H
V
H
V
450(3.412000e+03,1.090800e+04)
596(4.736000e+03,2.493200e+04)
475(2.689000e+03,2.159100e+04)
478(3.319000e+03,1.931000e+04)
V
V
V
453(1.730500e+04,1.832500e+04)
471(1.663700e+04,1.913300e+04)
H
609(1.250200e+04,2.061800e+04)
449(1.569400e+04,2.097500e+04)
477(1.643500e+04,2.179800e+04)
H
H
H
H
591(2.056200e+04,2.859400e+04)
451(2.145100e+04,2.668700e+04)
607(2.027600e+04,2.672400e+04)
H
H
698(2.119600e+04,2.014200e+04)
556(2.121100e+04,2.375400e+04)
709(2.210100e+04,2.247800e+04)
H
V
470(1.769600e+04,2.293700e+04)
553(1.816900e+04,2.557100e+04)
701(1.801200e+04,2.459500e+04)
H
H
V
V
455(2.496000e+04,2.388800e+04)
461(2.558200e+04,2.611700e+04)
589(2.461100e+04,2.658300e+04)
V
H
725(2.717500e+04,2.590300e+04)
457(2.762700e+04,2.492300e+04)
600(2.818100e+04,2.470200e+04)
H
V
H
549(2.951000e+04,2.188500e+04)
700(2.835300e+04,2.336200e+04)
463(2.871000e+04,2.541400e+04)
V
H
V
H
V
546(3.563000e+04,6.827000e+03)
504(3.388500e+04,8.784000e+03)
539(3.522200e+04,8.927000e+03)
H
V
653(3.423400e+04,8.060000e+02)
511(3.211100e+04,3.300000e+03)
612(3.259300e+04,4.938000e+03)
H
H
H
611(2.058600e+04,1.240500e+04)
610(2.041400e+04,8.488000e+03)
713(2.261200e+04,9.530000e+03)
V
V
386(3.089400e+04,1.603700e+04)
476(2.706400e+04,1.541100e+04)
547(2.837000e+04,1.531300e+04)
V
H
H
593(2.562300e+04,2.144400e+04)
723(2.649100e+04,2.160700e+04)
H
712(2.595900e+04,1.795100e+04)
452(2.608700e+04,1.981500e+04)
545(2.472200e+04,2.017200e+04)
H
V
V
456(2.813100e+04,1.935000e+04)
552(2.859300e+04,1.710100e+04)
V
V
V
H
387(3.375600e+04,2.268500e+04)
402(3.233600e+04,2.242700e+04)
V
557(3.178700e+04,2.117400e+04)
550(2.994300e+04,2.030200e+04)
697(3.038200e+04,2.072900e+04)
H
H
H
710(3.358800e+04,2.423500e+04)
485(3.507900e+04,2.592500e+04)
385(3.375300e+04,2.720400e+04)
V
H
602(3.073900e+04,2.915200e+04)
482(3.187400e+04,2.622700e+04)
714(3.207000e+04,2.768500e+04)
H
H
H
H
V
V
H
112(1.094400e+04,7.777500e+04)
132(9.626000e+03,7.682700e+04)
V
110(1.023200e+04,6.773800e+04)
131(1.451400e+04,6.857000e+04)
580(1.574700e+04,7.191600e+04)
H
V
V
104(5.026000e+03,5.345300e+04)
107(5.523000e+03,6.043100e+04)
581(3.986000e+03,5.768000e+04)
V
H
111(5.945000e+03,7.213000e+04)
108(2.714000e+03,6.690400e+04)
V
H
V
97(2.082200e+04,5.256400e+04)
796(2.128400e+04,4.874400e+04)
H
706(1.527500e+04,5.185400e+04)
105(1.675200e+04,4.901400e+04)
V
95(1.839700e+04,4.948300e+04)
801(1.981000e+04,5.003200e+04)
V
H
V
94(1.131700e+04,6.126700e+04)
100(1.190300e+04,5.721000e+04)
V
106(1.869100e+04,6.248400e+04)
130(1.728700e+04,5.643000e+04)
V
V
H
V
109(2.301800e+04,7.601000e+04)
746(2.287800e+04,7.517700e+04)
H
744(2.578400e+04,7.450900e+04)
807(2.645100e+04,7.472600e+04)
V
259(2.880900e+04,7.604500e+04)
92(2.945400e+04,7.550800e+04)
V
H
V
238(3.034700e+04,7.165200e+04)
265(3.145200e+04,7.517900e+04)
127(3.010300e+04,7.568300e+04)
742(3.032000e+04,7.572200e+04)
V
H
H
V
255(2.401800e+04,5.918200e+04)
257(2.733600e+04,6.124400e+04)
579(2.655800e+04,6.014300e+04)
V
H
237(3.385400e+04,6.364800e+04)
809(3.237900e+04,6.443600e+04)
H
573(3.297900e+04,6.751700e+04)
575(3.141500e+04,6.609100e+04)
V
H
113(2.678400e+04,6.934900e+04)
129(2.800000e+04,6.727100e+04)
745(2.876700e+04,6.667100e+04)
V
V
93(2.351500e+04,6.494400e+04)
133(2.775800e+04,6.419100e+04)
V
114(2.913000e+04,6.539300e+04)
239(2.945000e+04,6.499100e+04)
V
V
V
V
V
H
260(3.916500e+04,6.850200e+04)
136(3.618900e+04,6.906400e+04)
H
734(3.711800e+04,7.750100e+04)
258(3.738600e+04,7.447900e+04)
V
577(3.518100e+04,7.134100e+04)
743(3.466900e+04,7.035900e+04)
V
241(3.668100e+04,7.149700e+04)
248(3.736300e+04,7.302900e+04)
576(3.721500e+04,7.247100e+04)
H
V
H
V
H
252(3.840100e+04,6.429500e+04)
288(3.941200e+04,6.435800e+04)
H
805(4.137100e+04,6.425200e+04)
249(4.028900e+04,6.392600e+04)
V
H
286(4.395500e+04,6.226500e+04)
750(4.241600e+04,6.136100e+04)
V
806(3.890500e+04,6.052000e+04)
578(3.746700e+04,6.186200e+04)
747(3.703300e+04,6.223000e+04)
H
V
H
H
247(4.638800e+04,6.669900e+04)
574(4.268900e+04,6.835400e+04)
733(4.223200e+04,6.624900e+04)
V
V
210(4.530900e+04,7.291500e+04)
236(4.479800e+04,7.191700e+04)
H
250(4.581400e+04,6.968100e+04)
292(4.560500e+04,7.117100e+04)
H
H
V
H
H
V
H
H
V
V
