911(5.893000e+04,1.213880e+05)
936(5.813500e+04,1.199660e+05)
V
1152(5.751000e+04,1.229740e+05)
831(5.623200e+04,1.221780e+05)
832(5.673800e+04,1.206930e+05)
V
H
H
1822(5.230000e+04,1.182800e+05)
106(4.955600e+04,1.197180e+05)
1175(5.135000e+04,1.201540e+05)
H
V
890(5.444300e+04,1.238280e+05)
1319(5.290700e+04,1.243480e+05)
V
897(5.299100e+04,1.219900e+05)
942(5.295000e+04,1.230180e+05)
V
824(5.305600e+04,1.201580e+05)
891(5.242900e+04,1.208360e+05)
V
V
H
H
H
1833(6.824500e+04,1.232600e+05)
1467(6.766800e+04,1.223630e+05)
1849(6.659800e+04,1.227180e+05)
V
H
829(6.493800e+04,1.262410e+05)
1834(6.668300e+04,1.264770e+05)
H
1469(6.713300e+04,1.237300e+05)
V
H
898(6.136300e+04,1.218150e+05)
1333(6.191300e+04,1.239450e+05)
1471(6.267300e+04,1.243430e+05)
V
V
107(6.043700e+04,1.257740e+05)
208(5.986800e+04,1.241530e+05)
734(6.053900e+04,1.236620e+05)
V
V
H
V
650(6.093600e+04,1.173570e+05)
639(6.066900e+04,1.141760e+05)
943(6.177100e+04,1.156150e+05)
V
H
1463(6.354400e+04,1.196330e+05)
1464(6.522300e+04,1.190830e+05)
H
638(5.922400e+04,1.182030e+05)
895(5.853200e+04,1.181450e+05)
V
632(5.951100e+04,1.194670e+05)
892(5.982100e+04,1.189510e+05)
V
V
H
V
1470(5.311400e+04,1.152340e+05)
199(5.515000e+04,1.147850e+05)
1832(5.446300e+04,1.156240e+05)
H
V
826(5.745200e+04,1.178220e+05)
1466(5.720600e+04,1.173990e+05)
V
1429(5.698600e+04,1.152150e+05)
V
V
H
V
V
1311(1.576000e+03,1.256340e+05)
1184(1.797100e+04,1.247540e+05)
1419(1.695400e+04,1.247040e+05)
1424(1.662400e+04,1.243520e+05)
V
V
100(1.124400e+04,1.179330e+05)
536(1.794700e+04,1.153650e+05)
V
1886(1.499100e+04,1.236210e+05)
646(1.544900e+04,1.249210e+05)
H
V
V
V
643(1.540700e+04,1.117720e+05)
1185(2.075900e+04,1.091210e+05)
1310(1.999400e+04,1.108780e+05)
1828(1.945800e+04,1.097010e+05)
V
H
H
1418(1.330900e+04,1.066970e+05)
1425(1.802000e+04,1.061480e+05)
1179(1.690600e+04,1.070720e+05)
1788(1.639800e+04,1.070630e+05)
V
H
H
V
H
1177(2.407200e+04,1.160350e+05)
642(2.567600e+04,1.169560e+05)
1337(2.666400e+04,1.158530e+05)
V
H
1426(2.045200e+04,1.171650e+05)
1829(2.091700e+04,1.149650e+05)
H
1313(2.330900e+04,1.204530e+05)
729(2.438300e+04,1.189560e+05)
1307(2.282100e+04,1.183590e+05)
H
H
H
H
219(2.417700e+04,1.060500e+05)
97(2.451200e+04,1.075260e+05)
220(2.569800e+04,1.076160e+05)
V
V
1896(2.413200e+04,1.095540e+05)
214(2.616500e+04,1.089630e+05)
1423(2.606000e+04,1.104530e+05)
V
H
H
1895(2.564100e+04,1.134570e+05)
645(2.462800e+04,1.118450e+05)
1312(2.410700e+04,1.130460e+05)
1420(2.478200e+04,1.128650e+05)
H
H
H
V
H
109(3.624200e+04,1.189780e+05)
218(3.560400e+04,1.199430e+05)
H
849(3.505900e+04,1.170860e+05)
196(3.388800e+04,1.189250e+05)
H
H
217(3.034500e+04,1.156440e+05)
1327(3.260300e+04,1.149210e+05)
1887(3.227900e+04,1.142430e+05)
V
H
105(3.674800e+04,1.149970e+05)
204(3.632800e+04,1.138190e+05)
1824(3.541000e+04,1.142600e+05)
H
H
V
H
1306(3.730700e+04,1.039540e+05)
908(3.645200e+04,1.046450e+05)
1308(3.564600e+04,1.040960e+05)
H
V
1427(3.199900e+04,1.067790e+05)
1421(3.166300e+04,1.052460e+05)
H
1149(3.330600e+04,1.050220e+05)
1328(3.476400e+04,1.049630e+05)
H
V
V
1326(3.160600e+04,1.116610e+05)
1884(3.118700e+04,1.113470e+05)
V
535(3.388800e+04,1.090570e+05)
212(3.190500e+04,1.100850e+05)
1885(3.215700e+04,1.088640e+05)
H
V
V
932(3.727600e+04,1.090060e+05)
1325(3.641600e+04,1.092450e+05)
V
223(3.466700e+04,1.116550e+05)
851(3.757300e+04,1.117440e+05)
1826(3.626500e+04,1.123600e+05)
H
V
V
V
V
H
H
V
195(4.585000e+04,1.148550e+05)
211(4.639300e+04,1.134500e+05)
H
857(4.719600e+04,1.178100e+05)
1334(4.622500e+04,1.173710e+05)
V
640(4.847000e+04,1.171990e+05)
732(4.914000e+04,1.160740e+05)
V
H
V
935(4.400700e+04,1.173560e+05)
201(4.334600e+04,1.172190e+05)
649(4.345100e+04,1.167840e+05)
V
V
H
1176(4.033500e+04,1.195280e+05)
1317(3.952200e+04,1.159870e+05)
V
1182(3.944600e+04,1.131150e+05)
1315(3.963400e+04,1.145020e+05)
728(4.093400e+04,1.146640e+05)
H
H
H
104(4.328900e+04,1.124730e+05)
1318(4.496900e+04,1.121410e+05)
V
1335(4.182400e+04,1.145890e+05)
1890(4.190300e+04,1.153420e+05)
V
906(4.369400e+04,1.144840e+05)
907(4.202500e+04,1.138930e+05)
H
V
V
V
V
850(2.552900e+04,1.232030e+05)
853(2.480900e+04,1.231910e+05)
H
647(2.856300e+04,1.249790e+05)
1336(2.832200e+04,1.251320e+05)
H
852(2.797800e+04,1.208830e+05)
1314(2.685900e+04,1.227160e+05)
H
V
H
1183(3.177400e+04,1.235270e+05)
103(3.013400e+04,1.244420e+05)
H
102(3.373400e+04,1.253890e+05)
1891(3.475500e+04,1.232740e+05)
V
V
1894(3.988300e+04,1.228890e+05)
221(3.791100e+04,1.234200e+05)
H
648(3.871100e+04,1.259900e+05)
825(3.960300e+04,1.251740e+05)
H
213(3.708500e+04,1.248130e+05)
854(3.725000e+04,1.264000e+05)
V
H
V
H
V
1831(4.427600e+04,1.263980e+05)
200(4.215800e+04,1.251220e+05)
933(4.201500e+04,1.269560e+05)
H
H
207(4.364400e+04,1.216070e+05)
224(4.456400e+04,1.229830e+05)
V
V
202(4.893000e+04,1.221260e+05)
203(4.734700e+04,1.229990e+05)
931(4.798900e+04,1.227430e+05)
V
H
896(4.846100e+04,1.257140e+05)
1892(4.957800e+04,1.264830e+05)
H
205(4.986700e+04,1.237720e+05)
1888(5.069000e+04,1.234650e+05)
H
V
V
V
V
H
H
V
446(9.438500e+04,9.331300e+04)
329(9.390100e+04,9.303700e+04)
335(9.404700e+04,9.244200e+04)
V
V
964(9.130100e+04,9.803900e+04)
607(9.293100e+04,9.830100e+04)
1512(9.309100e+04,9.808400e+04)
H
V
380(9.499500e+04,1.003330e+05)
1510(9.406300e+04,1.013970e+05)
V
V
V
314(9.084500e+04,9.487200e+04)
605(8.970300e+04,9.563900e+04)
1401(9.025600e+04,9.653200e+04)
V
H
315(8.623000e+04,9.556100e+04)
1238(8.660600e+04,9.683100e+04)
H
1839(8.806500e+04,9.686700e+04)
1846(8.758000e+04,9.618000e+04)
H
V
V
1844(9.184000e+04,9.089400e+04)
56(9.061500e+04,9.209900e+04)
753(9.058100e+04,9.121400e+04)
V
V
338(9.019600e+04,9.027800e+04)
57(8.834900e+04,9.054000e+04)
1475(8.946200e+04,9.097500e+04)
V
V
H
V
V
379(8.816700e+04,1.055430e+05)
1491(8.718200e+04,1.056560e+05)
V
55(8.408300e+04,1.046280e+05)
1378(8.436400e+04,1.028470e+05)
V
260(8.623900e+04,1.044140e+05)
922(8.856400e+04,1.039710e+05)
1607(8.746000e+04,1.040100e+05)
H
V
V
H
1382(8.653700e+04,1.022450e+05)
747(8.883600e+04,1.030690e+05)
873(8.822100e+04,1.018480e+05)
1847(8.807600e+04,1.025330e+05)
H
V
H
746(9.204500e+04,1.003320e+05)
381(9.198800e+04,1.031720e+05)
V
1459(8.936800e+04,1.000250e+05)
1403(8.890400e+04,1.016060e+05)
H
V
H
V
474(9.448900e+04,1.058820e+05)
481(9.550600e+04,1.066850e+05)
745(9.509500e+04,1.071860e+05)
H
V
1351(9.330400e+04,1.079040e+05)
483(9.134600e+04,1.069080e+05)
259(9.267000e+04,1.079430e+05)
1160(9.279100e+04,1.075580e+05)
V
H
V
V
387(9.596200e+04,9.795700e+04)
455(9.596200e+04,9.916700e+04)
H
1242(9.814100e+04,9.932800e+04)
186(9.694400e+04,1.011710e+05)
475(9.700200e+04,1.000320e+05)
H
V
H
1445(9.528100e+04,1.037060e+05)
878(9.768300e+04,1.035040e+05)
1172(9.694700e+04,1.043810e+05)
V
V
865(1.005630e+05,1.038390e+05)
1455(9.985800e+04,1.053660e+05)
955(9.877800e+04,1.042200e+05)
V
H
H
309(9.261000e+04,1.038170e+05)
1165(9.325000e+04,1.044420e+05)
V
1158(9.346800e+04,1.023690e+05)
1101(9.475900e+04,1.025440e+05)
1291(9.441500e+04,1.025750e+05)
H
V
H
H
H
V
H
H
1836(9.178400e+04,1.264550e+05)
183(9.006000e+04,1.251470e+05)
1501(8.781900e+04,1.248410e+05)
H
H
257(8.393100e+04,1.259080e+05)
871(8.436900e+04,1.229550e+05)
1156(8.460000e+04,1.233220e+05)
V
477(8.625200e+04,1.227660e+05)
484(8.662000e+04,1.239620e+05)
V
H
V
V
634(7.301000e+04,1.237890e+05)
1441(7.102600e+04,1.244880e+05)
H
699(7.888400e+04,1.254460e+05)
1376(7.812700e+04,1.266800e+05)
H
1288(7.671700e+04,1.228700e+05)
637(7.645100e+04,1.256380e+05)
V
H
V
1377(8.213600e+04,1.209600e+05)
1405(8.221800e+04,1.204820e+05)
V
1462(7.986500e+04,1.232530e+05)
1502(7.926100e+04,1.206510e+05)
H
V
V
V
1404(8.480800e+04,1.074110e+05)
702(8.512500e+04,1.082740e+05)
1387(8.507200e+04,1.083370e+05)
H
V
924(8.232100e+04,1.068990e+05)
1835(8.230900e+04,1.081050e+05)
H
1458(8.366500e+04,1.100080e+05)
1468(8.159400e+04,1.095040e+05)
V
H
V
177(8.598400e+04,1.108470e+05)
700(8.723800e+04,1.109230e+05)
V
176(8.658100e+04,1.088440e+05)
972(8.774100e+04,1.085960e+05)
H
V
868(8.981200e+04,1.074110e+05)
1348(8.839000e+04,1.072330e+05)
H
258(9.032400e+04,1.091840e+05)
1461(8.949800e+04,1.088470e+05)
H
925(8.899200e+04,1.123340e+05)
870(8.994300e+04,1.107230e+05)
V
H
V
V
V
188(8.446900e+04,1.120530e+05)
828(8.245900e+04,1.118320e+05)
864(8.273200e+04,1.121770e+05)
H
H
1837(8.123200e+04,1.156670e+05)
1385(8.004000e+04,1.139520e+05)
H
1349(8.294100e+04,1.137870e+05)
185(8.173800e+04,1.125050e+05)
500(8.135000e+04,1.130640e+05)
H
V
V
H
1283(8.777900e+04,1.137160e+05)
950(8.692400e+04,1.134370e+05)
H
1375(8.552400e+04,1.145930e+05)
949(8.683700e+04,1.138520e+05)
1380(8.671000e+04,1.140260e+05)
V
H
H
1509(8.352600e+04,1.179920e+05)
736(8.287600e+04,1.166820e+05)
1541(8.330700e+04,1.170650e+05)
H
V
1157(8.601900e+04,1.194410e+05)
874(8.515000e+04,1.188850e+05)
1279(8.429800e+04,1.185290e+05)
V
V
H
H
V
H
V
1449(1.088180e+05,1.177210e+05)
63(1.100000e+05,1.224350e+05)
1446(1.074930e+05,1.206430e+05)
1281(1.070010e+05,1.239620e+05)
H
H
H
184(9.557700e+04,1.247230e+05)
482(9.843100e+04,1.239990e+05)
1500(9.805200e+04,1.223250e+05)
V
V
1161(1.007410e+05,1.231310e+05)
875(1.012840e+05,1.246730e+05)
1280(9.995700e+04,1.245810e+05)
H
H
V
951(1.036800e+05,1.236330e+05)
1282(1.053850e+05,1.233540e+05)
V
877(1.033970e+05,1.189460e+05)
1277(1.035570e+05,1.193220e+05)
H
876(1.038660e+05,1.175990e+05)
1490(1.039000e+05,1.184130e+05)
V
V
V
H
H
62(9.324400e+04,1.161880e+05)
1287(9.406100e+04,1.161050e+05)
V
970(9.335800e+04,1.136300e+05)
66(9.400900e+04,1.132400e+05)
1236(9.390700e+04,1.126810e+05)
V
V
V
261(9.105700e+04,1.143030e+05)
312(8.895200e+04,1.174570e+05)
1278(9.140000e+04,1.165780e+05)
1460(9.173400e+04,1.156130e+05)
H
H
H
479(9.314300e+04,1.203750e+05)
958(9.370500e+04,1.218320e+05)
V
959(9.537300e+04,1.192990e+05)
478(9.475500e+04,1.170770e+05)
V
V
H
V
1488(1.000690e+05,1.103230e+05)
1594(9.956500e+04,1.131950e+05)
956(1.025740e+05,1.133070e+05)
1379(1.012680e+05,1.136460e+05)
H
V
V
1593(9.630700e+04,1.091260e+05)
187(9.839400e+04,1.093400e+05)
887(9.754200e+04,1.097340e+05)
V
H
952(9.666900e+04,1.111520e+05)
1503(9.654000e+04,1.113710e+05)
H
1286(9.767200e+04,1.118430e+05)
1374(9.813900e+04,1.125380e+05)
V
H
H
971(1.019370e+05,1.077150e+05)
1487(1.011230e+05,1.066110e+05)
V
1497(1.021490e+05,1.110300e+05)
383(1.014060e+05,1.107830e+05)
480(1.015770e+05,1.100370e+05)
H
H
H
V
H
64(9.698800e+04,1.182590e+05)
1492(9.828400e+04,1.175990e+05)
H
921(9.658300e+04,1.150010e+05)
182(9.803200e+04,1.153970e+05)
485(9.877900e+04,1.162460e+05)
V
V
V
1508(1.002070e+05,1.171060e+05)
1164(1.026250e+05,1.172080e+05)
H
476(1.032240e+05,1.152890e+05)
1499(1.019380e+05,1.152560e+05)
1602(1.019140e+05,1.163550e+05)
H
V
H
V
V
H
H
H
H
1448(1.199210e+05,1.079960e+05)
489(1.217980e+05,1.055530e+05)
1275(1.202980e+05,1.055900e+05)
H
H
60(1.216040e+05,1.035610e+05)
385(1.211140e+05,1.019220e+05)
1276(1.199780e+05,1.026630e+05)
V
V
V
1596(1.246010e+05,1.123100e+05)
1597(1.233470e+05,1.121460e+05)
V
1096(1.203420e+05,1.107260e+05)
1600(1.210700e+05,1.110340e+05)
H
1098(1.230500e+05,1.103740e+05)
1604(1.217600e+05,1.101880e+05)
V
H
V
488(1.174220e+05,1.095660e+05)
181(1.154030e+05,1.079130e+05)
1494(1.170430e+05,1.075650e+05)
H
H
1599(1.145880e+05,1.104160e+05)
449(1.129930e+05,1.108860e+05)
1162(1.129370e+05,1.107260e+05)
H
V
H
H
H
957(1.125810e+05,1.253350e+05)
1447(1.132940e+05,1.233210e+05)
V
1163(1.172600e+05,1.234100e+05)
1495(1.186350e+05,1.247950e+05)
1496(1.171790e+05,1.253750e+05)
V
H
H
1498(1.203640e+05,1.164780e+05)
1603(1.188770e+05,1.200750e+05)
V
1489(1.154340e+05,1.189880e+05)
1595(1.136510e+05,1.191720e+05)
H
1505(1.123300e+05,1.145030e+05)
1450(1.142430e+05,1.158600e+05)
1507(1.154630e+05,1.165520e+05)
V
V
V
V
H
H
334(1.063010e+05,1.076570e+05)
1097(1.055690e+05,1.091510e+05)
1493(1.052740e+05,1.082300e+05)
V
H
1285(1.101080e+05,1.098930e+05)
61(1.085160e+05,1.099830e+05)
384(1.074800e+05,1.100080e+05)
V
V
1506(1.046660e+05,1.127220e+05)
382(1.069500e+05,1.134350e+05)
451(1.086780e+05,1.123930e+05)
H
H
H
H
V
452(1.226650e+05,9.987300e+04)
450(1.212510e+05,9.743400e+04)
1372(1.228180e+05,9.730400e+04)
V
H
1099(1.179140e+05,9.552900e+04)
448(1.199540e+05,9.627600e+04)
692(1.204470e+05,9.470700e+04)
H
H
59(1.218920e+05,9.067900e+04)
487(1.219780e+05,9.224500e+04)
H
693(1.183630e+05,9.248300e+04)
883(1.187410e+05,9.309300e+04)
H
H
H
H
880(1.184850e+05,8.232500e+04)
1453(1.188200e+05,8.240000e+04)
H
1295(1.269640e+05,8.276300e+04)
881(1.225170e+05,8.195400e+04)
1577(1.224860e+05,8.289800e+04)
H
H
V
273(1.240510e+05,7.436300e+04)
1371(1.243040e+05,7.862700e+04)
1252(1.214480e+05,7.760200e+04)
1370(1.212890e+05,7.695700e+04)
V
H
V
H
882(1.260010e+05,8.961300e+04)
467(1.257420e+05,8.629500e+04)
V
919(1.221700e+05,8.765100e+04)
1167(1.210120e+05,8.691100e+04)
V
H
468(1.211300e+05,8.465000e+04)
453(1.228650e+05,8.497200e+04)
1085(1.235440e+05,8.566600e+04)
V
V
H
1169(1.182340e+05,8.966900e+04)
1246(1.175070e+05,8.898700e+04)
H
333(1.156600e+05,8.868900e+04)
1245(1.167310e+05,9.044500e+04)
V
V
H
H
H
1103(1.051380e+05,8.755400e+04)
976(1.072980e+05,8.822800e+04)
1273(1.074070e+05,8.852000e+04)
V
664(1.066110e+05,8.745100e+04)
866(1.061100e+05,8.819900e+04)
H
H
H
447(1.128120e+05,8.722400e+04)
1564(1.123940e+05,8.946500e+04)
H
954(1.111140e+05,8.544800e+04)
968(1.134240e+05,8.429000e+04)
1293(1.124270e+05,8.344900e+04)
H
V
V
604(1.083450e+05,9.094600e+04)
490(1.085180e+05,9.160300e+04)
1486(1.089320e+05,9.156500e+04)
H
V
953(1.126790e+05,9.297200e+04)
1274(1.127100e+05,9.376300e+04)
H
308(1.111300e+05,9.122700e+04)
961(1.112520e+05,9.091000e+04)
V
1292(1.111610e+05,9.229100e+04)
917(1.116270e+05,9.171600e+04)
H
V
V
V
H
H
1452(1.092940e+05,9.618800e+04)
918(1.068650e+05,9.747300e+04)
H
1504(1.080950e+05,9.904500e+04)
1601(1.066420e+05,9.973100e+04)
1605(1.054940e+05,9.912500e+04)
H
V
V
1171(1.058360e+05,9.504700e+04)
1100(1.028460e+05,9.460200e+04)
V
975(1.041930e+05,9.232000e+04)
386(1.069290e+05,9.177900e+04)
1102(1.055180e+05,9.170000e+04)
H
V
H
H
1235(1.013930e+05,9.890000e+04)
1240(1.010610e+05,9.931000e+04)
H
1454(1.004080e+05,9.811000e+04)
1845(9.891600e+04,9.832300e+04)
V
H
879(1.002240e+05,9.616900e+04)
694(1.016410e+05,9.590400e+04)
1284(1.014980e+05,9.642500e+04)
V
V
V
885(1.019980e+05,9.100000e+04)
973(1.000400e+05,9.017000e+04)
H
178(1.004160e+05,9.468800e+04)
1350(9.957000e+04,9.489100e+04)
H
923(9.890800e+04,9.293600e+04)
1476(1.011880e+05,9.352900e+04)
328(9.982900e+04,9.366900e+04)
H
H
V
V
H
V
180(1.170850e+05,9.864900e+04)
1598(1.155710e+05,9.936800e+04)
V
1451(1.109210e+05,9.843800e+04)
179(1.125360e+05,9.966000e+04)
331(1.118060e+05,1.014960e+05)
V
V
H
920(1.132700e+05,1.058160e+05)
1244(1.151020e+05,1.034630e+05)
486(1.141340e+05,1.024710e+05)
1243(1.127940e+05,1.022970e+05)
H
V
H
H
1456(1.050850e+05,1.057870e+05)
330(1.061520e+05,1.055060e+05)
960(1.065350e+05,1.051980e+05)
H
H
1241(1.061480e+05,1.033680e+05)
454(1.051280e+05,1.033450e+05)
1237(1.051780e+05,1.041390e+05)
V
H
V
916(1.034720e+05,9.943200e+04)
1388(1.027220e+05,1.005210e+05)
1400(1.020250e+05,1.001520e+05)
V
H
65(1.011180e+05,1.023730e+05)
1095(1.017410e+05,1.023720e+05)
V
67(1.033680e+05,1.015950e+05)
969(1.040030e+05,1.029030e+05)
1373(1.042250e+05,1.029230e+05)
V
V
H
H
V
H
H
V
H
H
V
V
796(4.206300e+04,1.449700e+04)
1773(4.215100e+04,1.365800e+04)
H
795(4.566100e+04,1.733400e+04)
1041(4.203600e+04,1.584000e+04)
1070(4.213800e+04,1.600300e+04)
V
H
H
799(4.118500e+04,2.355000e+03)
1210(4.082800e+04,6.847000e+03)
1526(4.011200e+04,5.228000e+03)
V
V
80(4.382400e+04,9.518000e+03)
1770(4.696000e+04,1.212700e+04)
1059(4.848300e+04,1.037800e+04)
1524(4.767000e+04,1.072300e+04)
V
V
H
H
V
1204(3.464900e+04,1.869100e+04)
417(3.212100e+04,1.927600e+04)
1525(3.208100e+04,2.158800e+04)
H
V
716(3.629500e+04,2.573200e+04)
1203(3.334500e+04,2.540700e+04)
V
1522(3.879100e+04,2.179400e+04)
1123(3.526500e+04,2.236000e+04)
1642(3.550800e+04,2.312300e+04)
V
V
H
H
423(3.723600e+04,1.315800e+04)
1640(3.767900e+04,1.425900e+04)
V
419(3.113400e+04,1.452300e+04)
1039(3.368100e+04,1.288800e+04)
V
H
149(3.250600e+04,9.973000e+03)
1772(3.384800e+04,9.426000e+03)
V
148(3.623300e+04,9.168000e+03)
1775(3.595000e+04,6.971000e+03)
V
V
H
H
H
424(4.394400e+04,2.192700e+04)
1114(4.356900e+04,1.993700e+04)
V
1645(4.754700e+04,2.533800e+04)
1731(4.796500e+04,2.473700e+04)
H
1223(4.743200e+04,2.291200e+04)
1774(4.927700e+04,2.243200e+04)
V
V
V
1214(4.843600e+04,3.452100e+04)
1730(4.829100e+04,3.366800e+04)
H
416(4.584500e+04,3.516500e+04)
1117(4.553300e+04,3.524400e+04)
H
784(4.315100e+04,3.581900e+04)
1119(4.436400e+04,3.613300e+04)
H
H
H
1042(3.931500e+04,3.066700e+04)
1132(3.786400e+04,2.947000e+04)
H
91(4.134000e+04,3.213600e+04)
1638(4.262900e+04,3.158000e+04)
1691(4.263600e+04,3.108800e+04)
H
H
V
1641(4.236300e+04,2.526500e+04)
1668(4.178100e+04,2.840700e+04)
H
89(4.720000e+04,2.951300e+04)
797(4.551300e+04,3.031400e+04)
H
1208(4.465000e+04,2.614600e+04)
1207(4.676300e+04,2.594800e+04)
V
V
H
V
V
H
V
1655(6.398000e+04,5.421000e+03)
1658(6.244300e+04,5.879000e+03)
H
1220(6.911600e+04,2.608000e+03)
1656(6.217900e+04,2.580000e+03)
V
H
1221(5.253800e+04,1.620000e+02)
1651(5.146900e+04,1.215000e+03)
V
1116(5.112100e+04,4.296000e+03)
1771(5.225900e+04,2.741000e+03)
V
V
V
1697(5.257100e+04,1.944700e+04)
1650(5.830300e+04,2.002400e+04)
1769(5.613800e+04,1.876200e+04)
88(5.494100e+04,2.103900e+04)
714(5.518200e+04,2.038200e+04)
H
V
V
V
1122(5.207200e+04,2.678400e+04)
1695(5.024200e+04,2.690200e+04)
H
1527(5.453700e+04,2.733400e+04)
163(5.455000e+04,2.968200e+04)
1694(5.444600e+04,2.851600e+04)
V
H
H
85(5.775100e+04,2.228400e+04)
1113(5.627000e+04,2.188400e+04)
V
1637(5.775900e+04,2.462400e+04)
1696(5.685700e+04,2.583500e+04)
V
V
V
H
715(5.451000e+04,1.300200e+04)
1657(5.531400e+04,1.198500e+04)
V
165(5.254800e+04,1.030300e+04)
1523(5.236900e+04,1.274700e+04)
V
V
1647(5.411200e+04,1.562900e+04)
79(5.376800e+04,1.753400e+04)
1732(5.336800e+04,1.723500e+04)
V
H
164(5.054900e+04,1.588700e+04)
1071(5.122800e+04,1.519600e+04)
V
1224(5.267600e+04,1.408100e+04)
1654(5.183800e+04,1.392900e+04)
V
H
H
H
1072(6.511100e+04,1.504700e+04)
1219(6.615200e+04,1.552800e+04)
V
1213(6.347800e+04,1.417100e+04)
1698(6.233200e+04,1.505900e+04)
V
87(6.332300e+04,1.870000e+04)
1646(6.375400e+04,1.623000e+04)
V
H
V
1016(6.083800e+04,1.278900e+04)
1211(5.742900e+04,1.467000e+04)
1215(5.658400e+04,1.551100e+04)
H
798(5.843300e+04,1.147000e+04)
1115(5.960100e+04,1.315000e+04)
1652(5.955800e+04,1.242800e+04)
V
H
H
H
H
H
V
V
V
155(5.053000e+03,1.133500e+04)
422(4.885000e+03,1.731000e+03)
V
150(1.582700e+04,5.041000e+03)
421(1.209700e+04,4.191000e+03)
1129(9.301000e+03,2.717000e+03)
V
V
156(2.308800e+04,3.570000e+03)
1128(2.400200e+04,1.002000e+03)
H
151(2.096600e+04,9.779000e+03)
1643(2.176800e+04,6.834000e+03)
H
H
H
H
146(3.394000e+03,3.044600e+04)
154(7.520000e+02,3.020400e+04)
H
157(7.123000e+03,3.122100e+04)
1037(4.600000e+03,3.313400e+04)
V
H
153(1.283800e+04,1.997300e+04)
152(1.035900e+04,2.312600e+04)
1125(9.364000e+03,2.319000e+04)
V
V
H
1038(9.479000e+03,1.514700e+04)
418(1.864000e+04,1.440900e+04)
1131(1.584600e+04,1.344400e+04)
V
V
801(1.817100e+04,2.963400e+04)
1126(1.782300e+04,3.266400e+04)
H
1124(1.957300e+04,2.428300e+04)
1205(1.920600e+04,2.405500e+04)
V
789(1.589100e+04,2.522900e+04)
1721(1.388300e+04,2.678800e+04)
V
V
V
H
V
420(2.672200e+04,1.249800e+04)
1130(2.638700e+04,1.352200e+04)
V
147(2.765500e+04,2.146600e+04)
1639(2.800100e+04,2.228500e+04)
H
1127(2.985900e+04,1.750500e+04)
1209(2.671700e+04,1.814700e+04)
H
H
V
800(2.595000e+04,2.450200e+04)
158(2.572100e+04,3.292800e+04)
160(2.562800e+04,3.125700e+04)
H
81(3.033800e+04,3.069100e+04)
H
H
1040(3.164800e+04,2.812200e+04)
802(3.108900e+04,2.850000e+04)
1720(3.107300e+04,2.892400e+04)
V
H
V
V
H
1722(1.429000e+03,4.510400e+04)
1035(9.667000e+03,4.465000e+04)
1780(6.595000e+03,4.367800e+04)
V
H
145(1.514300e+04,4.665000e+04)
243(1.745500e+04,4.441400e+04)
409(1.561900e+04,4.380300e+04)
H
H
H
790(2.215000e+04,3.669000e+04)
1036(2.076600e+04,3.763500e+04)
H
718(1.673200e+04,3.604900e+04)
1202(1.872700e+04,3.701900e+04)
H
V
247(1.900400e+04,5.600100e+04)
1723(1.489800e+04,5.132300e+04)
142(1.725200e+04,5.251100e+04)
1198(1.648000e+04,5.324400e+04)
H
V
H
1043(2.131800e+04,4.423300e+04)
1871(2.393500e+04,4.615200e+04)
H
1779(2.160800e+04,5.047600e+04)
137(2.323700e+04,4.960400e+04)
427(2.321300e+04,5.126200e+04)
H
H
H
V
H
V
H
V
166(3.613200e+04,3.338800e+04)
1644(3.700800e+04,3.565400e+04)
V
717(3.218400e+04,3.496100e+04)
1776(3.291200e+04,3.608200e+04)
H
H
1069(3.375600e+04,3.180000e+04)
1201(3.352300e+04,3.163400e+04)
V
161(3.119700e+04,3.352300e+04)
788(3.278500e+04,3.213400e+04)
V
V
H
1206(3.122700e+04,4.222800e+04)
1521(3.036400e+04,3.995600e+04)
V
1667(2.897700e+04,4.618200e+04)
143(3.086100e+04,4.613900e+04)
1033(3.121100e+04,4.764400e+04)
H
H
V
408(3.432300e+04,4.108700e+04)
426(3.717900e+04,4.271400e+04)
1862(3.548100e+04,4.300000e+04)
H
H
1045(3.373400e+04,4.478800e+04)
1692(3.671400e+04,4.464100e+04)
H
H
V
H
82(3.878300e+04,4.179200e+04)
806(4.066600e+04,4.199100e+04)
H
415(4.113700e+04,4.524600e+04)
162(3.962600e+04,4.423000e+04)
791(4.087400e+04,4.414000e+04)
H
H
H
1120(3.612200e+04,4.884200e+04)
1869(3.651600e+04,4.961300e+04)
V
123(3.446300e+04,4.758900e+04)
1870(3.756900e+04,4.680800e+04)
410(3.607100e+04,4.695100e+04)
803(3.589500e+04,4.556000e+04)
V
V
H
H
H
V
808(2.921600e+04,5.540700e+04)
1199(2.989800e+04,5.559600e+04)
V
719(2.904000e+04,5.198100e+04)
1863(3.067300e+04,5.182600e+04)
V
H
242(2.471600e+04,5.629900e+04)
720(2.465600e+04,5.817700e+04)
V
144(2.519900e+04,5.201600e+04)
807(2.547900e+04,5.176300e+04)
V
722(2.358200e+04,5.459700e+04)
244(2.440600e+04,5.317200e+04)
V
V
H
H
1044(3.855600e+04,5.872300e+04)
138(3.896800e+04,5.601800e+04)
1138(3.717900e+04,5.542000e+04)
V
V
1777(3.543100e+04,5.289500e+04)
1520(3.845900e+04,5.050300e+04)
1666(3.945400e+04,5.204000e+04)
V
V
V
395(4.484600e+04,5.210800e+04)
405(4.556900e+04,5.277800e+04)
1046(4.560200e+04,5.161700e+04)
V
H
168(4.284400e+04,5.586600e+04)
407(4.234800e+04,5.736600e+04)
H
400(4.234000e+04,5.187200e+04)
811(4.206100e+04,5.254300e+04)
V
H
V
V
V
H
794(5.402500e+04,3.509800e+04)
1121(5.509200e+04,3.692300e+04)
V
1027(5.123900e+04,3.909300e+04)
1068(5.143600e+04,4.031400e+04)
H
425(5.473900e+04,3.949000e+04)
1061(5.314900e+04,3.876700e+04)
V
1225(5.252900e+04,3.740600e+04)
1693(5.401600e+04,3.755100e+04)
H
V
H
H
397(4.992900e+04,4.328000e+04)
620(4.877400e+04,4.288800e+04)
1133(4.878900e+04,4.213700e+04)
V
H
621(5.229300e+04,4.277700e+04)
804(5.283900e+04,4.479600e+04)
396(5.209000e+04,4.365400e+04)
793(5.280300e+04,4.357800e+04)
H
V
V
V
V
44(5.548800e+04,4.771500e+04)
1529(5.405200e+04,4.870200e+04)
H
1729(5.499700e+04,4.445700e+04)
1660(5.406700e+04,4.340800e+04)
V
H
1057(6.158000e+04,4.695400e+04)
1749(6.073600e+04,4.657100e+04)
H
1066(6.336400e+04,4.585700e+04)
431(6.237400e+04,4.434400e+04)
H
H
782(6.049800e+04,4.279800e+04)
783(6.125300e+04,4.312200e+04)
V
622(5.874500e+04,4.321400e+04)
1077(5.914200e+04,4.279100e+04)
V
1048(5.793100e+04,4.242500e+04)
1753(5.818800e+04,4.270300e+04)
H
H
V
V
1711(5.877700e+04,4.631800e+04)
40(5.777100e+04,4.870800e+04)
564(5.808100e+04,4.785500e+04)
H
V
401(5.709200e+04,4.350000e+04)
1021(5.742000e+04,4.286500e+04)
H
V
V
H
V
623(4.938000e+04,4.707500e+04)
1029(4.958300e+04,4.638000e+04)
H
786(4.708400e+04,4.974600e+04)
1032(4.831500e+04,5.037600e+04)
H
1587(5.031000e+04,4.865400e+04)
1767(5.152500e+04,4.939600e+04)
H
H
V
84(4.337400e+04,4.038200e+04)
1719(4.706500e+04,4.047700e+04)
124(4.828400e+04,4.162300e+04)
V
V
1135(4.642900e+04,4.493000e+04)
411(4.681200e+04,4.580400e+04)
1137(4.767100e+04,4.587600e+04)
V
V
90(4.414900e+04,4.708900e+04)
1030(4.577000e+04,4.720600e+04)
H
1200(4.474800e+04,4.263300e+04)
92(4.362100e+04,4.467200e+04)
V
V
H
H
787(4.385500e+04,4.990700e+04)
1031(4.345600e+04,4.888600e+04)
H
615(4.150000e+04,4.809500e+04)
159(4.239800e+04,4.995400e+04)
167(4.224100e+04,5.081400e+04)
V
V
V
V
H
H
V
V
V
1197(3.638000e+03,6.462600e+04)
1724(2.421000e+03,6.294300e+04)
V
248(5.465000e+03,5.748700e+04)
1034(1.308700e+04,5.730500e+04)
H
809(1.505400e+04,6.085100e+04)
1781(1.478200e+04,6.122400e+04)
V
H
H
721(1.427200e+04,6.797400e+04)
249(1.401700e+04,6.436600e+04)
1868(1.675200e+04,6.485300e+04)
H
H
139(2.314600e+04,6.971100e+04)
1725(2.157300e+04,6.938200e+04)
H
428(2.357900e+04,6.537700e+04)
723(2.260800e+04,6.398100e+04)
H
1778(2.115200e+04,6.714200e+04)
141(2.295100e+04,6.792100e+04)
H
H
V
H
V
1413(1.515900e+04,7.510300e+04)
1881(1.543600e+04,7.573300e+04)
V
241(1.210900e+04,7.444800e+04)
1196(1.316500e+04,7.454300e+04)
H
1195(1.172700e+04,7.671100e+04)
1726(1.353000e+04,7.748800e+04)
H
V
H
726(1.097000e+04,8.153200e+04)
1411(9.914000e+03,8.182100e+04)
H
541(9.045000e+03,7.949200e+04)
516(6.646000e+03,8.054200e+04)
1782(6.001000e+03,7.940800e+04)
H
V
V
540(3.644000e+03,8.028700e+04)
1412(9.410000e+02,7.822300e+04)
517(3.289000e+03,7.503000e+04)
1415(4.284000e+03,7.712900e+04)
V
H
H
H
H
V
101(5.977000e+03,1.100140e+05)
644(8.400000e+02,1.035230e+05)
1186(8.191000e+03,1.037770e+05)
1787(1.183800e+04,1.015730e+05)
H
1883(3.543000e+03,9.984400e+04)
537(8.445000e+03,9.784200e+04)
H
V
H
H
1414(6.059000e+03,8.693400e+04)
533(4.980000e+03,9.008900e+04)
1882(3.775000e+03,9.026000e+04)
V
V
532(1.048200e+04,9.082100e+04)
846(1.301300e+04,9.256600e+04)
V
518(1.786100e+04,9.282600e+04)
1764(1.813500e+04,9.230600e+04)
V
V
V
V
98(1.522400e+04,9.812600e+04)
539(1.512000e+04,9.549600e+04)
H
848(2.204700e+04,1.020020e+05)
99(2.137600e+04,1.000320e+05)
V
1422(1.702200e+04,1.002710e+05)
1786(2.000600e+04,1.008530e+05)
1825(1.850200e+04,1.011660e+05)
H
H
V
V
724(2.095600e+04,8.269900e+04)
1765(1.924600e+04,8.014000e+04)
V
1194(1.449800e+04,8.535800e+04)
134(1.872500e+04,8.840700e+04)
V
H
1808(2.308200e+04,9.120800e+04)
1806(2.236200e+04,9.382200e+04)
1814(2.126300e+04,9.257900e+04)
V
V
1815(2.432800e+04,8.828900e+04)
1880(2.703600e+04,9.087200e+04)
133(2.552300e+04,9.106800e+04)
215(2.603800e+04,9.014300e+04)
H
V
V
V
V
V
H
V
1338(2.425900e+04,9.754300e+04)
1178(2.801800e+04,9.744400e+04)
1817(2.705800e+04,9.543800e+04)
H
H
1789(2.499900e+04,9.396300e+04)
1816(2.838400e+04,9.346100e+04)
H
V
730(2.339400e+04,1.034090e+05)
847(2.540300e+04,1.020030e+05)
1818(2.485800e+04,1.013300e+05)
H
V
534(2.991500e+04,1.032560e+05)
1897(2.812500e+04,1.018990e+05)
216(3.071000e+04,1.025880e+05)
1187(3.034600e+04,1.016610e+05)
H
H
H
V
V
836(3.426800e+04,9.793600e+04)
1330(3.477600e+04,9.811200e+04)
V
834(3.259600e+04,1.011490e+05)
1827(3.381600e+04,1.020330e+05)
H
V
731(3.159800e+04,9.795200e+04)
727(3.062500e+04,9.630000e+04)
1309(3.246200e+04,9.557700e+04)
V
H
H
1180(3.687400e+04,9.604800e+04)
909(3.991900e+04,9.545500e+04)
938(4.080100e+04,9.522400e+04)
V
V
1331(3.941000e+04,9.045000e+04)
626(4.178700e+04,9.275000e+04)
627(4.060000e+04,9.373700e+04)
V
H
H
1801(3.645500e+04,8.644800e+04)
1876(3.564100e+04,8.682400e+04)
H
529(3.450300e+04,9.061000e+04)
1340(3.401300e+04,9.026800e+04)
V
96(3.638600e+04,8.949900e+04)
132(3.553200e+04,8.850300e+04)
H
H
V
V
519(2.895400e+04,9.104600e+04)
1417(2.900300e+04,9.188500e+04)
H
1409(3.384000e+04,9.263500e+04)
131(3.146600e+04,9.063000e+04)
1805(3.194700e+04,9.046700e+04)
V
H
H
V
V
H
1727(3.447700e+04,7.399700e+04)
1802(3.440600e+04,7.671000e+04)
1878(3.487300e+04,7.589300e+04)
V
H
844(3.965800e+04,7.797500e+04)
1813(3.702700e+04,7.909800e+04)
V
1875(3.822800e+04,7.500700e+04)
1877(3.647300e+04,7.687300e+04)
V
H
H
1807(3.821500e+04,8.253100e+04)
1865(3.761600e+04,8.223500e+04)
H
520(3.956500e+04,8.060500e+04)
239(3.746800e+04,8.121800e+04)
H
H
513(3.512200e+04,8.109000e+04)
1803(3.634800e+04,8.088200e+04)
V
1784(3.334000e+04,8.236700e+04)
250(3.520700e+04,8.311400e+04)
H
H
H
V
251(2.957100e+04,6.463700e+04)
406(2.910800e+04,6.567500e+04)
H
1867(2.682800e+04,6.745600e+04)
514(2.921600e+04,6.831100e+04)
1519(2.840300e+04,6.769400e+04)
H
V
V
1874(3.153200e+04,7.417200e+04)
1804(3.067300e+04,7.371100e+04)
1866(2.955100e+04,7.362400e+04)
H
H
531(2.403800e+04,7.292400e+04)
515(2.530700e+04,7.433900e+04)
1192(2.660100e+04,7.322700e+04)
H
V
252(2.851400e+04,7.087200e+04)
1763(2.840800e+04,7.359900e+04)
1879(2.813800e+04,7.333300e+04)
V
H
V
V
H
1193(2.864900e+04,7.667000e+04)
1416(2.858700e+04,7.875100e+04)
V
228(3.223600e+04,7.949800e+04)
393(3.345600e+04,7.846900e+04)
H
V
528(3.186500e+04,8.649000e+04)
1783(3.038000e+04,8.684800e+04)
H
530(2.867000e+04,8.629400e+04)
538(2.732000e+04,8.582800e+04)
V
H
845(2.690100e+04,7.986300e+04)
1812(2.656300e+04,7.898800e+04)
H
725(2.666000e+04,8.169900e+04)
135(2.685200e+04,8.309300e+04)
V
H
240(3.029100e+04,8.219600e+04)
1191(2.926300e+04,8.115900e+04)
V
542(3.040500e+04,8.418900e+04)
1410(2.871300e+04,8.358900e+04)
1785(2.758800e+04,8.360600e+04)
H
H
H
V
H
H
H
H
H
V
1329(4.467800e+04,8.594100e+04)
1790(4.392600e+04,8.489800e+04)
H
1762(4.322400e+04,8.730100e+04)
1901(4.167800e+04,8.607600e+04)
H
H
1432(5.063500e+04,8.939200e+04)
95(5.074300e+04,8.671500e+04)
230(5.061300e+04,8.724800e+04)
H
H
1188(4.792900e+04,8.444500e+04)
372(5.202600e+04,8.432600e+04)
H
111(4.988600e+04,8.724300e+04)
391(4.986600e+04,8.697400e+04)
H
V
H
H
253(4.448600e+04,8.889300e+04)
129(4.559200e+04,9.020200e+04)
1900(4.600300e+04,9.074700e+04)
H
H
227(4.519000e+04,9.352600e+04)
1150(4.574500e+04,9.367200e+04)
V
193(4.330100e+04,9.395900e+04)
543(4.432600e+04,9.386600e+04)
H
H
H
1436(4.781700e+04,9.306400e+04)
1539(4.695100e+04,9.279200e+04)
V
1341(4.685200e+04,9.584200e+04)
1898(4.671700e+04,9.411500e+04)
V
V
H
V
742(5.047700e+04,9.764700e+04)
859(5.099100e+04,9.701400e+04)
H
1147(5.286400e+04,9.900500e+04)
944(5.330000e+04,9.702900e+04)
1535(5.340200e+04,9.709900e+04)
H
V
H
1323(5.243700e+04,9.137600e+04)
1305(5.312100e+04,9.323700e+04)
V
1795(5.299700e+04,9.545400e+04)
442(5.248900e+04,9.435600e+04)
928(5.305800e+04,9.431000e+04)
V
V
V
929(4.980000e+04,9.207500e+04)
1791(4.986100e+04,9.061300e+04)
H
226(5.006700e+04,9.376700e+04)
837(5.005000e+04,9.405900e+04)
V
903(4.893700e+04,9.488800e+04)
1794(4.811500e+04,9.424500e+04)
H
V
H
H
H
V
545(6.106400e+04,8.178500e+04)
819(5.884600e+04,8.351600e+04)
902(5.996200e+04,8.303800e+04)
V
H
375(5.335700e+04,8.412300e+04)
1344(5.319000e+04,8.341400e+04)
H
1799(5.660900e+04,8.418600e+04)
815(5.701200e+04,8.146600e+04)
1534(5.519500e+04,8.103500e+04)
H
V
H
H
524(5.705100e+04,9.398700e+04)
233(5.679800e+04,9.205700e+04)
255(5.849900e+04,9.206800e+04)
V
V
947(5.892000e+04,9.538300e+04)
1434(5.880900e+04,9.627200e+04)
V
231(6.093500e+04,9.457200e+04)
1439(5.970800e+04,9.437600e+04)
V
H
V
254(6.252100e+04,9.322600e+04)
1797(6.304200e+04,9.356600e+04)
V
H
861(6.135800e+04,8.588000e+04)
1517(6.240100e+04,8.742300e+04)
1851(6.265600e+04,8.653000e+04)
H
V
904(5.546200e+04,8.793200e+04)
1438(5.617200e+04,8.731800e+04)
H
1343(5.704400e+04,9.007200e+04)
173(5.649500e+04,8.877000e+04)
H
V
234(5.839500e+04,8.698700e+04)
498(5.884600e+04,8.668300e+04)
V
441(6.005600e+04,9.026000e+04)
506(5.883500e+04,8.777700e+04)
H
H
V
H
H
H
H
630(4.930700e+04,1.126690e+05)
225(5.095900e+04,1.127040e+05)
1823(5.063500e+04,1.136780e+05)
V
V
1889(5.262900e+04,1.092200e+05)
1148(4.928400e+04,1.087760e+05)
H
108(4.898500e+04,1.109930e+05)
1430(4.866100e+04,1.110700e+05)
V
V
V
941(5.692300e+04,1.125660e+05)
1515(5.665400e+04,1.119320e+05)
V
1821(5.528100e+04,1.117930e+05)
1316(5.607100e+04,1.127820e+05)
V
V
V
1144(5.730400e+04,1.008130e+05)
821(5.454400e+04,1.006290e+05)
1145(5.403100e+04,1.007870e+05)
H
H
1536(5.441400e+04,1.021480e+05)
1435(5.314500e+04,1.034890e+05)
1324(5.536200e+04,1.034470e+05)
V
H
V
1433(5.556700e+04,1.070720e+05)
209(5.716300e+04,1.082730e+05)
V
658(5.687200e+04,1.042590e+05)
1516(5.679700e+04,1.031970e+05)
V
1850(5.874700e+04,1.047290e+05)
1465(5.568800e+04,1.050640e+05)
1332(5.713100e+04,1.053460e+05)
H
H
V
V
H
H
855(3.965000e+04,1.101040e+05)
1793(4.041100e+04,1.063300e+05)
1339(4.039100e+04,1.083840e+05)
1830(3.951600e+04,1.073570e+05)
H
V
H
830(4.676000e+04,1.103190e+05)
858(4.625900e+04,1.087600e+05)
1893(4.697400e+04,1.088360e+05)
H
V
197(4.554100e+04,1.074620e+05)
628(4.460800e+04,1.067420e+05)
H
833(4.275000e+04,1.077510e+05)
934(4.235200e+04,1.091350e+05)
V
V
V
V
910(4.886200e+04,1.051250e+05)
1820(5.027000e+04,1.050180e+05)
V
130(4.958500e+04,1.027010e+05)
740(5.051300e+04,1.011260e+05)
856(5.005000e+04,1.009570e+05)
H
V
V
210(5.120100e+04,1.006920e+05)
741(4.783000e+04,1.001400e+05)
820(4.662900e+04,9.917800e+04)
V
1408(4.969300e+04,9.870400e+04)
110(4.973100e+04,1.000900e+05)
V
H
H
V
544(4.330200e+04,9.536200e+04)
905(4.185000e+04,9.672000e+04)
1146(4.304300e+04,9.778900e+04)
V
H
1181(4.483100e+04,9.950200e+04)
1342(4.507300e+04,1.000890e+05)
H
641(4.319200e+04,9.939800e+04)
835(4.249900e+04,1.001420e+05)
V
H
V
194(4.691500e+04,1.018030e+05)
939(4.547700e+04,1.032460e+05)
1792(4.554700e+04,1.023290e+05)
H
V
222(4.303700e+04,1.051570e+05)
1819(4.269100e+04,1.046900e+05)
H
937(4.059000e+04,1.029900e+05)
631(4.359500e+04,1.026760e+05)
1428(4.305900e+04,1.025210e+05)
V
V
H
H
V
V
H
H
V
945(6.055200e+04,9.925900e+04)
1473(6.118700e+04,9.844400e+04)
H
659(6.435300e+04,9.936200e+04)
H
1431(6.618200e+04,9.776900e+04)
377(6.698900e+04,9.925200e+04)
V
696(6.607400e+04,1.009660e+05)
H
V
499(6.571100e+04,9.534100e+04)
860(6.667300e+04,9.494900e+04)
H
390(6.452400e+04,9.389200e+04)
1514(6.483600e+04,9.423000e+04)
V
1798(6.396400e+04,9.542400e+04)
743(6.412300e+04,9.450300e+04)
H
V
V
H
739(6.777600e+04,9.126900e+04)
190(6.642800e+04,9.234500e+04)
901(6.600800e+04,9.200600e+04)
H
V
1345(6.463200e+04,9.140100e+04)
927(6.385300e+04,9.280200e+04)
1321(6.426900e+04,9.258200e+04)
1538(6.460200e+04,9.285100e+04)
V
H
V
H
V
313(7.234800e+04,1.016940e+05)
1542(7.147300e+04,1.008620e+05)
H
191(6.995200e+04,1.005580e+05)
H
823(6.884200e+04,1.033360e+05)
863(6.977800e+04,1.025230e+05)
1537(6.975600e+04,1.025740e+05)
V
V
1322(6.778200e+04,1.019010e+05)
822(6.867600e+04,1.010240e+05)
1154(6.810000e+04,1.001130e+05)
V
H
H
H
508(7.043000e+04,9.175000e+04)
175(7.098100e+04,9.338300e+04)
378(7.139600e+04,9.393500e+04)
H
H
376(6.971300e+04,9.565700e+04)
946(6.991300e+04,9.656900e+04)
V
657(7.346200e+04,9.485000e+04)
1143(7.300400e+04,9.497500e+04)
H
305(6.946800e+04,9.425100e+04)
1383(6.874000e+04,9.536300e+04)
V
H
H
H
V
H
311(7.799700e+04,1.126290e+05)
869(7.740500e+04,1.117570e+05)
V
701(7.470500e+04,1.111460e+05)
1443(7.423400e+04,1.114820e+05)
V
1440(7.306400e+04,1.121560e+05)
737(7.342000e+04,1.107950e+05)
H
H
V
827(7.482900e+04,1.048030e+05)
1155(7.380800e+04,1.076880e+05)
1406(7.459800e+04,1.066050e+05)
V
V
189(7.927000e+04,1.069800e+05)
1289(7.889600e+04,1.079100e+05)
V
913(7.680300e+04,1.076530e+05)
H
H
V
735(7.446200e+04,1.170580e+05)
889(7.019700e+04,1.184980e+05)
872(7.335200e+04,1.178760e+05)
1848(7.217600e+04,1.183790e+05)
H
V
V
256(7.184100e+04,1.081140e+05)
1474(7.219800e+04,1.090140e+05)
H
926(7.056400e+04,1.071090e+05)
635(6.932200e+04,1.092640e+05)
1543(6.874600e+04,1.078860e+05)
V
H
V
948(7.040800e+04,1.134530e+05)
1838(7.167900e+04,1.131690e+05)
H
1407(6.706400e+04,1.150220e+05)
698(6.801600e+04,1.123030e+05)
V
V
1540(6.526700e+04,1.103800e+05)
733(6.753700e+04,1.105080e+05)
1381(6.832700e+04,1.107080e+05)
V
H
V
H
H
V
198(6.428500e+04,1.042000e+05)
371(6.364900e+04,1.028350e+05)
V
894(6.183400e+04,1.039890e+05)
629(6.252200e+04,1.058470e+05)
H
H
930(6.393500e+04,1.060360e+05)
940(6.384400e+04,1.063550e+05)
V
1442(6.672500e+04,1.058430e+05)
1320(6.505700e+04,1.073670e+05)
V
H
H
192(6.227400e+04,1.108560e+05)
1151(6.203000e+04,1.113590e+05)
V
1153(6.166000e+04,1.084650e+05)
206(6.208200e+04,1.066540e+05)
893(6.159400e+04,1.072100e+05)
H
V
H
1899(5.987900e+04,1.073160e+05)
633(6.012200e+04,1.055990e+05)
1174(6.052900e+04,1.065010e+05)
V
V
912(5.958900e+04,1.089490e+05)
1472(5.976500e+04,1.088040e+05)
H
636(5.871400e+04,1.084370e+05)
1796(5.864200e+04,1.081280e+05)
V
H
V
V
H
H
H
1513(8.315900e+04,9.990300e+04)
1610(8.346900e+04,1.011770e+05)
H
609(8.582700e+04,1.000730e+05)
54(8.472200e+04,1.017030e+05)
1444(8.468800e+04,1.004880e+05)
V
H
H
310(8.085300e+04,9.809100e+04)
501(8.060400e+04,9.648200e+04)
V
752(8.364400e+04,9.777200e+04)
1094(8.356100e+04,9.847200e+04)
V
444(8.251900e+04,9.674700e+04)
1592(8.369300e+04,9.656100e+04)
V
H
H
V
502(8.009100e+04,1.014940e+05)
1384(8.033700e+04,1.014410e+05)
H
262(8.032600e+04,1.026110e+05)
888(7.966300e+04,1.030150e+05)
1173(7.934500e+04,1.025200e+05)
V
V
V
505(7.770900e+04,1.029010e+05)
1608(7.694900e+04,1.030950e+05)
V
1346(7.812100e+04,1.049340e+05)
744(7.910500e+04,1.034070e+05)
899(7.864800e+04,1.036640e+05)
H
H
H
V
1347(7.779500e+04,9.776300e+04)
1386(7.768200e+04,9.921300e+04)
V
445(7.901300e+04,1.002120e+05)
651(7.894100e+04,9.924500e+04)
751(7.944200e+04,9.892900e+04)
H
H
H
1352(7.552800e+04,1.000930e+05)
370(7.464800e+04,9.919800e+04)
738(7.437400e+04,9.946900e+04)
H
H
V
H
V
900(7.846200e+04,8.931900e+04)
1233(7.928600e+04,8.918300e+04)
V
748(8.118900e+04,8.771400e+04)
757(7.928900e+04,8.737400e+04)
1609(7.942700e+04,8.667500e+04)
H
V
H
1093(7.504500e+04,8.942100e+04)
503(7.807800e+04,8.868900e+04)
H
53(7.395500e+04,8.786800e+04)
369(7.242000e+04,8.746400e+04)
V
608(7.653900e+04,8.796400e+04)
655(7.699400e+04,8.679500e+04)
H
V
H
H
1840(7.660600e+04,8.055400e+04)
754(7.930700e+04,8.059000e+04)
V
437(7.710300e+04,8.437000e+04)
1852(7.832000e+04,8.480400e+04)
V
1612(7.932600e+04,8.241500e+04)
750(7.889900e+04,8.368700e+04)
V
H
1353(8.018900e+04,8.520500e+04)
317(7.890100e+04,8.622900e+04)
H
V
H
1591(7.549800e+04,8.403800e+04)
1547(7.593400e+04,8.611500e+04)
H
H
H
1142(8.015900e+04,9.264000e+04)
1290(7.907300e+04,9.219800e+04)
H
504(7.794800e+04,9.203200e+04)
316(7.832700e+04,9.259100e+04)
660(7.838000e+04,9.290200e+04)
V
V
H
1239(8.271800e+04,9.096900e+04)
473(8.081400e+04,9.133200e+04)
V
697(8.412100e+04,9.457000e+04)
304(8.100400e+04,9.359800e+04)
914(8.275600e+04,9.432600e+04)
1511(8.165900e+04,9.449600e+04)
V
V
V
V
V
388(8.356400e+04,8.949600e+04)
695(8.390700e+04,8.836900e+04)
978(8.350500e+04,8.740400e+04)
H
V
1477(8.874800e+04,8.749800e+04)
1399(8.595500e+04,8.778600e+04)
V
V
1544(8.512500e+04,8.992400e+04)
886(8.612200e+04,9.107900e+04)
1389(8.628700e+04,9.068300e+04)
H
V
703(8.640500e+04,9.401300e+04)
1457(8.661500e+04,9.296300e+04)
H
456(8.511800e+04,9.131400e+04)
1566(8.531400e+04,9.235000e+04)
H
V
H
H
V
V
V
H
V
1047(4.115900e+04,6.132700e+04)
1811(4.301400e+04,6.177400e+04)
V
1190(4.634700e+04,6.466100e+04)
1356(4.564700e+04,6.534900e+04)
H
813(4.292200e+04,6.534100e+04)
404(4.473100e+04,6.616900e+04)
H
H
V
236(4.599500e+04,6.969700e+04)
527(4.577400e+04,7.322900e+04)
1760(4.592500e+04,7.367100e+04)
H
V
1518(4.404600e+04,7.637500e+04)
1800(4.335600e+04,7.282700e+04)
229(4.490400e+04,7.309000e+04)
H
V
429(4.104400e+04,7.253000e+04)
1809(3.959800e+04,7.348500e+04)
H
374(4.246900e+04,7.385300e+04)
1189(4.261600e+04,7.516400e+04)
V
H
V
H
V
1134(3.324500e+04,5.816000e+04)
246(3.612000e+04,6.095900e+04)
1861(3.612600e+04,5.860500e+04)
H
V
245(3.796200e+04,6.460000e+04)
814(3.838600e+04,6.251600e+04)
V
1766(3.270100e+04,6.234000e+04)
136(3.506100e+04,6.410500e+04)
1872(3.455700e+04,6.389700e+04)
V
H
H
V
140(3.726100e+04,6.835100e+04)
810(3.722600e+04,7.010800e+04)
H
1864(3.411700e+04,7.015600e+04)
394(3.570900e+04,6.799500e+04)
H
H
112(4.079900e+04,7.003400e+04)
235(4.201800e+04,6.926500e+04)
1139(4.305000e+04,6.931100e+04)
V
H
V
H
V
1304(4.811900e+04,7.628100e+04)
521(4.955800e+04,7.751500e+04)
625(4.969900e+04,7.834800e+04)
H
H
392(5.203000e+04,7.597000e+04)
1858(5.322600e+04,7.618900e+04)
H
526(5.096700e+04,7.782700e+04)
1902(5.081200e+04,7.718000e+04)
H
V
V
113(5.405700e+04,6.827100e+04)
366(5.329700e+04,6.761600e+04)
843(5.393000e+04,6.694300e+04)
V
V
403(5.309500e+04,6.965000e+04)
1716(4.997200e+04,7.048300e+04)
1357(5.339700e+04,7.121000e+04)
1860(5.302500e+04,7.082600e+04)
H
V
H
H
94(5.779000e+04,7.426000e+04)
121(5.792100e+04,7.367000e+04)
H
128(5.736100e+04,7.180400e+04)
1532(5.785200e+04,7.017200e+04)
1665(5.757900e+04,7.007900e+04)
H
H
H
1140(5.415100e+04,7.149400e+04)
1761(5.558600e+04,7.319100e+04)
440(5.116100e+04,7.298400e+04)
512(5.288400e+04,7.469300e+04)
V
V
V
H
V
V
792(5.365500e+04,5.300400e+04)
785(5.291400e+04,5.144700e+04)
1530(5.265300e+04,5.209800e+04)
V
H
618(5.495800e+04,5.463800e+04)
805(5.556900e+04,5.471500e+04)
V
413(5.578100e+04,5.237400e+04)
1588(5.506700e+04,5.144500e+04)
H
V
V
93(5.967300e+04,5.713400e+04)
430(5.927500e+04,5.622600e+04)
H
83(5.775800e+04,5.778200e+04)
1585(5.801500e+04,5.581100e+04)
V
V
1755(5.972400e+04,5.416900e+04)
118(5.771900e+04,5.255900e+04)
561(5.668800e+04,5.376400e+04)
V
H
H
V
614(5.463000e+04,5.748700e+04)
1714(5.348700e+04,5.756000e+04)
H
767(5.405500e+04,6.123700e+04)
1810(5.561400e+04,6.155700e+04)
V
1717(5.742200e+04,6.021100e+04)
V
V
122(4.881800e+04,6.352400e+04)
115(4.974200e+04,6.546600e+04)
238(5.112300e+04,6.690300e+04)
H
H
127(5.549100e+04,6.503200e+04)
839(5.569700e+04,6.500000e+04)
V
170(5.775400e+04,6.350500e+04)
616(5.635500e+04,6.431000e+04)
H
V
V
H
119(5.029800e+04,5.690200e+04)
402(5.090600e+04,5.633800e+04)
H
171(4.898100e+04,5.498600e+04)
1873(4.866100e+04,5.779000e+04)
V
V
414(4.550200e+04,5.791400e+04)
1728(4.598700e+04,5.830300e+04)
V
114(4.497900e+04,6.061600e+04)
169(4.469000e+04,5.854600e+04)
V
H
V
H
V
V
V
232(6.958100e+04,8.797600e+04)
509(6.989900e+04,8.578200e+04)
862(6.971600e+04,8.626300e+04)
H
H
511(6.858900e+04,8.532800e+04)
525(6.873200e+04,8.571300e+04)
1354(6.874400e+04,8.550900e+04)
H
H
V
443(6.828900e+04,8.070900e+04)
652(6.971000e+04,8.297200e+04)
H
749(6.842400e+04,8.480800e+04)
1903(6.888600e+04,8.472600e+04)
H
H
1141(6.414500e+04,8.218300e+04)
237(6.372600e+04,8.429900e+04)
367(6.440500e+04,8.458400e+04)
V
V
507(6.616700e+04,8.553600e+04)
H
H
V
439(5.970800e+04,7.785200e+04)
838(5.965900e+04,7.876600e+04)
V
573(6.152300e+04,7.541500e+04)
1437(6.349600e+04,7.513900e+04)
H
523(6.219800e+04,7.930700e+04)
522(6.178100e+04,7.776800e+04)
1355(6.271900e+04,7.820800e+04)
H
V
H
V
389(7.331900e+04,7.875800e+04)
758(7.269900e+04,7.883400e+04)
V
174(7.371000e+04,8.055400e+04)
438(7.319700e+04,8.190300e+04)
H
H
1080(7.581800e+04,7.531100e+04)
759(7.745500e+04,7.657600e+04)
1005(7.714500e+04,7.767000e+04)
H
H
1758(7.497500e+04,7.765800e+04)
496(7.560200e+04,7.849300e+04)
1554(7.481600e+04,7.851600e+04)
V
H
V
V
1558(7.169500e+04,7.407100e+04)
268(7.026200e+04,7.230800e+04)
V
546(7.028900e+04,7.131500e+04)
773(7.100600e+04,7.115000e+04)
H
H
653(6.908600e+04,7.547800e+04)
1590(6.906100e+04,7.621600e+04)
V
172(6.624900e+04,7.394000e+04)
761(6.816500e+04,7.450400e+04)
V
V
H
H
H
V
1553(7.003700e+04,6.655400e+04)
841(7.232800e+04,6.772400e+04)
V
1270(6.923300e+04,6.980700e+04)
126(7.005200e+04,7.027200e+04)
V
H
1004(6.550400e+04,7.214300e+04)
1079(6.582300e+04,7.112500e+04)
H
555(6.458800e+04,7.051300e+04)
779(6.377600e+04,7.108900e+04)
V
V
1715(6.735300e+04,7.115200e+04)
497(6.943800e+04,7.111600e+04)
556(6.906200e+04,7.134400e+04)
H
V
V
760(6.630800e+04,6.574600e+04)
1358(6.568800e+04,6.861800e+04)
818(6.668900e+04,6.698300e+04)
1617(6.595900e+04,6.738000e+04)
V
V
H
V
H
1589(5.906700e+04,5.906700e+04)
624(6.014400e+04,5.975300e+04)
1712(6.018400e+04,6.070800e+04)
V
H
1230(6.561000e+04,6.035900e+04)
1303(6.597800e+04,5.927800e+04)
1615(6.599400e+04,5.919500e+04)
V
H
560(6.232200e+04,5.914800e+04)
617(6.198700e+04,5.814600e+04)
V
125(6.468000e+04,5.946500e+04)
1718(6.426500e+04,5.879100e+04)
V
V
H
V
771(6.399700e+04,6.313400e+04)
1002(6.470100e+04,6.472800e+04)
1006(6.485300e+04,6.563500e+04)
H
V
613(6.486000e+04,6.729000e+04)
V
1007(6.117400e+04,7.180600e+04)
762(6.299100e+04,6.841800e+04)
373(6.093000e+04,6.874800e+04)
1533(6.113700e+04,6.843000e+04)
V
V
V
676(6.009300e+04,6.374400e+04)
116(6.175500e+04,6.407600e+04)
399(6.095600e+04,6.463300e+04)
V
H
816(6.198400e+04,6.647100e+04)
1531(6.257000e+04,6.644500e+04)
H
V
1859(5.963600e+04,6.791000e+04)
1003(5.763400e+04,6.633000e+04)
1759(5.721900e+04,6.650400e+04)
H
812(6.005300e+04,6.606200e+04)
1757(5.894600e+04,6.517600e+04)
V
V
V
H
H
V
V
H
V
H
V
H
H
276(1.151310e+05,5.657400e+04)
346(1.150270e+05,5.293300e+04)
353(1.121990e+05,5.382100e+04)
V
V
274(1.257920e+05,5.770800e+04)
1105(1.239050e+05,5.733100e+04)
V
986(1.181420e+05,6.107300e+04)
1254(1.204530e+05,6.074200e+04)
H
464(1.216610e+05,5.520500e+04)
591(1.196380e+05,5.719000e+04)
1394(1.189860e+05,5.914000e+04)
H
V
V
H
V
1294(1.260410e+05,6.927900e+04)
1104(1.217690e+05,7.287700e+04)
1393(1.230080e+05,7.086000e+04)
V
V
459(1.173400e+05,6.741300e+04)
1084(1.205600e+05,6.732000e+04)
V
1255(1.154380e+05,7.096300e+04)
1369(1.149620e+05,6.946800e+04)
V
V
H
666(1.224260e+05,6.492600e+04)
1296(1.238650e+05,6.516600e+04)
H
V
V
884(1.036660e+05,7.445800e+04)
58(1.040140e+05,7.214000e+04)
1576(1.053170e+05,7.288600e+04)
V
H
469(1.070040e+05,7.334200e+04)
603(1.076340e+05,7.514100e+04)
1568(1.074930e+05,7.579100e+04)
H
H
272(1.059740e+05,7.719700e+04)
665(1.072840e+05,7.800000e+04)
1257(1.075350e+05,7.674100e+04)
H
H
H
V
1087(1.176300e+05,7.270700e+04)
1251(1.170570e+05,7.482700e+04)
1392(1.161850e+05,7.513000e+04)
H
H
277(1.134030e+05,7.480300e+04)
466(1.126740e+05,7.412400e+04)
V
1170(1.119150e+05,7.886100e+04)
1168(1.126740e+05,7.678000e+04)
1253(1.130790e+05,7.598200e+04)
V
H
H
V
470(1.095750e+05,7.151700e+04)
1361(1.117030e+05,7.148700e+04)
1365(1.126560e+05,7.092900e+04)
H
H
671(1.070310e+05,6.921800e+04)
1086(1.071260e+05,7.056300e+04)
V
278(1.109340e+05,6.823900e+04)
1083(1.094440e+05,6.770600e+04)
V
H
V
V
H
460(1.054360e+05,6.191200e+04)
1482(1.046920e+05,6.233200e+04)
V
1297(1.069630e+05,6.300400e+04)
1366(1.056410e+05,6.369100e+04)
V
H
458(1.080070e+05,6.630000e+04)
462(1.083310e+05,6.640600e+04)
V
51(1.052200e+05,6.633900e+04)
1395(1.050970e+05,6.616800e+04)
H
324(1.052420e+05,6.741900e+04)
981(1.058670e+05,6.721300e+04)
H
V
H
V
279(1.119330e+05,6.151300e+04)
690(1.127290e+05,6.211100e+04)
H
323(1.101690e+05,6.435300e+04)
1363(1.139430e+05,6.428800e+04)
H
H
72(1.143670e+05,6.280600e+04)
1569(1.148520e+05,6.349600e+04)
V
465(1.139340e+05,6.056300e+04)
H
H
322(1.090960e+05,6.073500e+04)
1623(1.080660e+05,6.003900e+04)
H
669(1.107060e+05,5.742100e+04)
1082(1.107170e+05,5.860500e+04)
V
1362(1.079840e+05,5.603500e+04)
1259(1.081680e+05,5.835700e+04)
H
H
V
H
V
V
V
688(1.131150e+05,3.366900e+04)
582(1.134700e+05,3.724700e+04)
599(1.120090e+05,3.854100e+04)
H
H
290(1.167180e+05,3.740600e+04)
296(1.174570e+05,3.698200e+04)
1625(1.179760e+05,3.673100e+04)
H
H
H
594(1.260580e+05,3.307000e+04)
1107(1.225490e+05,3.168400e+04)
H
292(1.197380e+05,3.904400e+04)
592(1.222520e+05,3.884500e+04)
1106(1.223620e+05,4.133800e+04)
H
V
580(1.237390e+05,4.208200e+04)
287(1.213900e+05,4.251300e+04)
597(1.222130e+05,4.235600e+04)
V
H
V
H
H
1367(1.131990e+05,4.515600e+04)
295(1.182320e+05,4.426600e+04)
990(1.177800e+05,4.218300e+04)
H
V
987(1.209700e+05,4.926300e+04)
1573(1.211180e+05,4.814900e+04)
V
275(1.174810e+05,4.754600e+04)
989(1.195840e+05,4.754700e+04)
H
H
V
689(1.266340e+05,4.323900e+04)
1624(1.262490e+05,4.540800e+04)
V
595(1.211610e+05,4.490400e+04)
294(1.204840e+05,4.349000e+04)
V
H
V
H
1258(1.058040e+05,5.970000e+04)
463(1.039170e+05,5.972800e+04)
V
1621(1.044200e+05,5.761800e+04)
V
584(1.042130e+05,5.471400e+04)
319(1.061950e+05,5.722200e+04)
590(1.057320e+05,5.764800e+04)
1368(1.055790e+05,5.795600e+04)
V
V
V
H
1298(9.914500e+04,6.254600e+04)
1397(1.004430e+05,6.385200e+04)
V
321(1.028170e+05,5.956200e+04)
1571(1.030100e+05,5.926100e+04)
H
75(1.033870e+05,6.077300e+04)
982(1.022840e+05,6.115600e+04)
H
V
V
302(9.602000e+04,6.202100e+04)
1673(9.821600e+04,6.008300e+04)
H
984(9.622100e+04,5.623200e+04)
601(9.417600e+04,5.794700e+04)
1575(9.456400e+04,5.965600e+04)
H
V
V
602(1.002660e+05,5.824500e+04)
1481(1.014270e+05,5.721900e+04)
V
9(9.987500e+04,5.393400e+04)
8(1.015370e+05,5.503600e+04)
289(1.011330e+05,5.426600e+04)
V
H
V
H
V
H
589(1.029040e+05,4.146600e+04)
579(1.064220e+05,4.004000e+04)
13(1.059860e+05,4.141200e+04)
668(1.060750e+05,4.142000e+04)
H
V
H
351(1.078780e+05,4.246600e+04)
293(1.056010e+05,4.455700e+04)
1572(1.053310e+05,4.287500e+04)
347(1.062860e+05,4.211800e+04)
H
H
H
V
598(1.095670e+05,4.814100e+04)
667(1.085080e+05,5.194400e+04)
H
1483(1.057200e+05,4.982100e+04)
1574(1.058560e+05,4.928400e+04)
V
985(1.031240e+05,4.757800e+04)
348(1.043550e+05,4.988300e+04)
H
V
V
V
1622(9.779600e+04,4.322500e+04)
1672(9.962900e+04,4.303600e+04)
V
362(9.944300e+04,4.646600e+04)
352(9.874500e+04,4.457000e+04)
H
V
1675(1.018850e+05,4.967900e+04)
320(1.002500e+05,5.029700e+04)
V
76(1.002130e+05,5.151900e+04)
1396(9.973600e+04,5.179300e+04)
V
350(9.923200e+04,4.891200e+04)
73(9.938400e+04,5.014900e+04)
600(9.963600e+04,5.081500e+04)
V
H
V
V
H
V
H
V
V
1701(7.931200e+04,2.361100e+04)
1633(8.298100e+04,2.492600e+04)
1709(8.069400e+04,2.487700e+04)
V
V
1704(8.543000e+04,3.162400e+04)
1737(8.323100e+04,3.452400e+04)
1742(8.421900e+04,3.373100e+04)
V
V
994(8.060300e+04,2.773600e+04)
28(8.307600e+04,2.778000e+04)
1738(8.398200e+04,2.766600e+04)
V
H
1632(7.808200e+04,2.962800e+04)
37(8.189500e+04,2.980400e+04)
299(8.137000e+04,3.122800e+04)
V
V
H
V
H
26(8.282400e+04,3.851400e+04)
300(8.210000e+04,3.701700e+04)
H
1054(8.440800e+04,4.031400e+04)
1700(8.300900e+04,4.188600e+04)
V
V
49(7.924200e+04,4.047500e+04)
1680(7.827100e+04,3.795200e+04)
H
1734(7.782400e+04,3.625500e+04)
1052(7.933300e+04,3.729600e+04)
1706(7.929300e+04,3.594400e+04)
H
H
H
V
38(7.624300e+04,3.313400e+04)
359(7.915500e+04,3.314900e+04)
V
1025(8.118100e+04,3.456900e+04)
77(8.203300e+04,3.257700e+04)
H
H
H
H
1684(1.092850e+05,3.314400e+04)
1109(1.067080e+05,3.229500e+04)
V
1736(1.021040e+05,3.384600e+04)
577(1.043930e+05,3.287700e+04)
991(1.042920e+05,3.520100e+04)
V
V
V
288(1.071050e+05,3.751300e+04)
10(1.041630e+05,3.768400e+04)
988(1.047790e+05,3.896800e+04)
H
V
H
1707(8.873800e+04,2.760300e+04)
1735(9.372900e+04,2.954900e+04)
1741(9.085200e+04,3.321000e+04)
H
V
1635(8.895500e+04,3.478200e+04)
999(9.097000e+04,3.526200e+04)
1629(8.997600e+04,3.535800e+04)
H
V
4(9.146000e+04,3.984800e+04)
16(9.166800e+04,3.939900e+04)
V
1000(9.193300e+04,3.821900e+04)
1687(9.262200e+04,3.850600e+04)
H
H
H
H
2(9.692800e+04,4.133200e+04)
345(9.664600e+04,3.919100e+04)
H
283(1.002210e+05,4.016500e+04)
12(1.010180e+05,3.739600e+04)
24(1.012770e+05,3.885700e+04)
V
H
H
33(9.454700e+04,3.556500e+04)
285(9.525400e+04,3.638100e+04)
V
684(9.915300e+04,3.525700e+04)
997(1.000100e+05,3.516300e+04)
V
1685(9.739600e+04,3.575700e+04)
32(9.812700e+04,3.478800e+04)
V
V
H
V
H
H
V
687(1.081880e+05,8.400000e+02)
18(1.042040e+05,1.001800e+04)
20(1.024980e+05,6.445000e+03)
996(1.008500e+05,5.291000e+03)
V
V
H
1740(8.368000e+04,1.449000e+04)
1708(7.854200e+04,9.976000e+03)
30(8.581300e+04,1.128900e+04)
1739(8.388800e+04,1.077100e+04)
V
V
H
22(9.549100e+04,2.222000e+03)
1682(9.377900e+04,8.190000e+02)
H
31(9.459300e+04,8.486000e+03)
1744(9.071400e+04,8.563000e+03)
H
H
1628(8.718100e+04,4.880000e+03)
1745(8.358700e+04,2.785000e+03)
V
H
21(8.823400e+04,1.373100e+04)
360(9.159400e+04,1.421200e+04)
1703(9.039600e+04,1.214800e+04)
V
H
V
V
H
686(1.083310e+05,1.666000e+04)
34(1.069180e+05,1.900200e+04)
685(1.072450e+05,1.975800e+04)
V
V
682(1.168620e+05,1.873100e+04)
1108(1.126670e+05,2.046200e+04)
H
593(1.135680e+05,2.231600e+04)
683(1.133590e+05,2.327700e+04)
V
H
H
581(1.172480e+05,2.847100e+04)
284(1.126890e+05,2.817200e+04)
596(1.142220e+05,2.674700e+04)
V
H
286(1.062420e+05,2.877400e+04)
297(1.096710e+05,2.579800e+04)
1626(1.082260e+05,2.426400e+04)
H
V
H
V
993(9.544000e+04,2.531700e+04)
298(9.460400e+04,2.197600e+04)
V
36(8.840700e+04,2.212400e+04)
35(8.980700e+04,1.857300e+04)
1681(8.860400e+04,1.950700e+04)
V
V
1683(9.218100e+04,1.798900e+04)
11(9.348000e+04,2.021700e+04)
1702(9.435400e+04,1.846000e+04)
V
V
H
H
681(9.926800e+04,3.177300e+04)
361(1.025440e+05,2.779800e+04)
17(1.016980e+05,2.632300e+04)
V
23(9.957100e+04,2.623500e+04)
25(9.832200e+04,2.659400e+04)
H
V
H
995(9.936600e+04,1.801200e+04)
1627(9.928300e+04,1.555200e+04)
V
998(9.706400e+04,1.753200e+04)
19(9.764500e+04,2.012400e+04)
1634(9.683500e+04,1.948300e+04)
V
H
H
3(1.028120e+05,2.308900e+04)
291(1.041780e+05,2.327100e+04)
V
1743(1.011480e+05,2.168100e+04)
588(9.924300e+04,2.355300e+04)
V
V
V
V
H
H
H
H
1229(7.045300e+04,4.851200e+04)
567(7.158300e+04,4.951200e+04)
1584(7.188900e+04,5.015600e+04)
V
H
1009(7.201900e+04,5.311800e+04)
766(7.296400e+04,5.263200e+04)
V
552(7.136300e+04,5.400400e+04)
1063(7.142500e+04,5.203700e+04)
V
H
V
571(7.489400e+04,5.332000e+04)
549(7.507800e+04,5.053500e+04)
1075(7.534700e+04,5.111900e+04)
1688(7.557400e+04,5.144400e+04)
H
V
840(7.374700e+04,5.210400e+04)
1552(7.351800e+04,5.192200e+04)
H
1662(7.445000e+04,5.113600e+04)
H
H
H
H
817(6.780200e+04,5.533600e+04)
1551(6.795100e+04,5.360900e+04)
V
765(6.598500e+04,5.348700e+04)
1586(6.530900e+04,5.317200e+04)
V
117(6.475400e+04,5.452000e+04)
707(6.474000e+04,5.533200e+04)
H
V
H
120(6.344600e+04,5.568600e+04)
412(6.340000e+04,5.751700e+04)
780(6.309600e+04,5.748600e+04)
V
V
H
1583(6.058400e+04,5.225600e+04)
398(6.100600e+04,4.955500e+04)
1067(6.135300e+04,5.043700e+04)
H
677(6.403200e+04,5.085900e+04)
1136(6.250400e+04,4.952100e+04)
V
V
V
1713(6.713400e+04,5.209400e+04)
1752(6.695600e+04,5.154400e+04)
H
46(6.721700e+04,4.738700e+04)
675(6.673800e+04,4.681500e+04)
H
1065(6.680500e+04,4.941200e+04)
763(6.734100e+04,5.022300e+04)
1670(6.746600e+04,5.064800e+04)
V
H
V
H
H
V
V
1074(7.566100e+04,4.131500e+04)
1014(7.463900e+04,3.941200e+04)
1217(7.623900e+04,3.964300e+04)
H
V
39(7.419100e+04,4.264200e+04)
1062(7.204900e+04,4.205100e+04)
1754(7.155400e+04,4.247600e+04)
H
H
V
41(7.044700e+04,4.450800e+04)
768(6.914000e+04,4.420700e+04)
H
570(7.150100e+04,4.704300e+04)
1301(7.205900e+04,4.531200e+04)
H
H
1227(6.927200e+04,4.028500e+04)
777(7.084300e+04,4.045400e+04)
1226(7.105100e+04,4.036200e+04)
V
V
H
H
1028(5.679900e+04,3.885800e+04)
764(5.902100e+04,3.980100e+04)
1669(5.931900e+04,3.870800e+04)
1750(6.001200e+04,3.931000e+04)
H
H
V
619(6.010400e+04,4.137100e+04)
1690(5.850700e+04,4.175500e+04)
V
H
1222(6.256300e+04,3.574800e+04)
358(6.439500e+04,3.640700e+04)
1528(6.343500e+04,3.631600e+04)
V
V
45(6.362400e+04,3.872800e+04)
1019(6.326400e+04,3.931000e+04)
V
712(6.118000e+04,3.841000e+04)
1076(6.094100e+04,3.843800e+04)
H
V
H
V
709(7.144400e+04,3.406900e+04)
1630(7.219700e+04,3.390000e+04)
V
1768(6.800700e+04,3.343300e+04)
1073(6.610100e+04,3.346900e+04)
1748(6.532800e+04,3.457900e+04)
V
H
V
1053(6.698700e+04,3.971000e+04)
432(6.824100e+04,3.734700e+04)
1051(6.703300e+04,3.593300e+04)
H
H
27(6.837800e+04,4.141700e+04)
1747(6.858600e+04,4.153900e+04)
V
1689(6.711700e+04,4.370700e+04)
563(6.642900e+04,4.238800e+04)
1302(6.653000e+04,4.120100e+04)
V
H
H
H
H
H
H
V
586(7.529700e+04,2.607400e+04)
1218(7.566000e+04,2.702800e+04)
V
1212(7.397300e+04,1.892200e+04)
1705(7.450800e+04,2.095400e+04)
H
1017(7.421700e+04,2.447800e+04)
1015(7.544200e+04,2.272300e+04)
1018(7.455400e+04,2.303400e+04)
V
V
V
V
1653(6.759800e+04,1.773700e+04)
86(6.712700e+04,2.005800e+04)
1648(6.705300e+04,1.954700e+04)
V
V
78(6.633600e+04,2.256000e+04)
1112(6.960300e+04,2.141500e+04)
1026(6.777300e+04,2.062000e+04)
H
H
V
29(7.020700e+04,2.663100e+04)
1659(7.147600e+04,2.723200e+04)
V
433(6.954300e+04,2.949000e+04)
1710(6.840700e+04,2.792300e+04)
V
H
1631(6.739700e+04,2.555300e+04)
1699(6.674700e+04,2.524700e+04)
V
1636(7.111400e+04,2.461300e+04)
1649(6.936100e+04,2.447000e+04)
V
H
H
V
H
1661(5.933400e+04,3.370500e+04)
47(5.914000e+04,3.048900e+04)
1216(6.022500e+04,3.110000e+04)
V
V
711(6.530800e+04,2.784600e+04)
1058(6.592300e+04,2.883900e+04)
H
713(6.489500e+04,3.120900e+04)
1746(6.715900e+04,3.020400e+04)
V
H
48(6.134500e+04,2.698500e+04)
1118(6.169700e+04,2.821800e+04)
H
1733(5.984300e+04,2.644000e+04)
1060(6.024700e+04,2.873600e+04)
V
V
H
V
H
H
V
977(1.010370e+05,6.940000e+04)
670(1.019640e+05,6.840200e+04)
1256(1.016210e+05,6.886000e+04)
H
V
1088(1.001370e+05,6.981900e+04)
1248(1.000590e+05,7.099500e+04)
V
1480(9.973400e+04,6.824400e+04)
H
H
1579(9.373800e+04,6.583900e+04)
1581(9.393700e+04,6.477300e+04)
H
461(9.110400e+04,6.636300e+04)
1484(9.223000e+04,6.736500e+04)
H
V
341(9.503100e+04,6.713300e+04)
436(9.534100e+04,6.815800e+04)
H
280(9.689300e+04,6.708600e+04)
493(9.697000e+04,6.840100e+04)
H
H
663(9.303500e+04,7.035300e+04)
1081(9.378800e+04,6.954000e+04)
V
318(9.581400e+04,7.143700e+04)
1562(9.487000e+04,7.188900e+04)
H
H
V
H
H
980(8.843700e+04,7.812200e+04)
1091(8.713500e+04,7.710500e+04)
H
303(9.220600e+04,7.989200e+04)
1232(9.132400e+04,7.997100e+04)
H
1613(9.148900e+04,7.810800e+04)
337(9.066100e+04,7.672200e+04)
656(9.241800e+04,7.654300e+04)
V
H
H
V
963(9.604700e+04,8.336600e+04)
1234(9.653100e+04,8.459200e+04)
H
606(9.626500e+04,8.078300e+04)
1364(9.826100e+04,8.014300e+04)
1843(9.730900e+04,8.004400e+04)
V
H
H
611(9.898500e+04,7.663900e+04)
339(9.903200e+04,7.886100e+04)
V
1262(9.563500e+04,7.674900e+04)
1478(9.646000e+04,7.634600e+04)
V
1090(9.731300e+04,7.841300e+04)
1249(9.671100e+04,7.739600e+04)
V
V
V
V
471(9.404800e+04,7.440800e+04)
494(9.407200e+04,7.758800e+04)
472(9.474800e+04,7.547800e+04)
H
V
264(9.826600e+04,7.501900e+04)
1398(9.537700e+04,7.451200e+04)
1268(9.581000e+04,7.416500e+04)
V
V
1570(9.679400e+04,7.299300e+04)
71(9.586400e+04,7.317100e+04)
492(9.574100e+04,7.353400e+04)
V
H
V
H
V
H
H
1567(1.011440e+05,7.725700e+04)
1089(1.027300e+05,7.864200e+04)
1565(1.015040e+05,7.866900e+04)
V
H
457(1.027760e+05,8.283900e+04)
704(1.018270e+05,8.300000e+04)
H
974(1.016830e+05,8.605500e+04)
307(1.005130e+05,8.445100e+04)
H
V
V
1166(1.067280e+05,8.544400e+04)
1250(1.047770e+05,8.309100e+04)
332(1.049750e+05,8.471900e+04)
1390(1.044270e+05,8.533500e+04)
H
H
V
1402(1.074740e+05,8.256300e+04)
1391(1.074870e+05,8.065200e+04)
1578(1.079570e+05,8.021200e+04)
H
V
1247(1.059360e+05,7.975300e+04)
691(1.046460e+05,7.913600e+04)
1272(1.043950e+05,7.913500e+04)
V
H
V
H
H
1360(9.847400e+04,8.821100e+04)
1563(9.748500e+04,8.781100e+04)
V
1159(9.744400e+04,8.922200e+04)
336(9.617300e+04,8.974400e+04)
962(9.629700e+04,8.865700e+04)
H
H
V
1485(9.093100e+04,8.312600e+04)
325(9.010200e+04,8.491600e+04)
1606(8.911900e+04,8.575800e+04)
H
H
1556(8.684400e+04,8.296400e+04)
661(8.726200e+04,8.539800e+04)
1611(8.717700e+04,8.463700e+04)
H
H
V
491(9.357600e+04,9.062900e+04)
263(9.304100e+04,8.932200e+04)
1545(9.323800e+04,8.921500e+04)
H
966(9.132500e+04,8.868600e+04)
867(9.303100e+04,8.875100e+04)
H
V
V
1841(9.477400e+04,8.804600e+04)
70(9.373700e+04,8.737000e+04)
H
967(9.563400e+04,8.639000e+04)
915(9.327600e+04,8.643400e+04)
H
H
327(9.229600e+04,8.563500e+04)
1842(9.220100e+04,8.667800e+04)
H
68(9.324700e+04,8.776800e+04)
662(9.264300e+04,8.771000e+04)
H
V
V
H
H
V
H
V
6(7.797300e+04,4.555900e+04)
1686(7.889500e+04,4.375700e+04)
V
680(8.206700e+04,4.507700e+04)
344(8.199900e+04,4.662000e+04)
V
434(8.018500e+04,4.738500e+04)
1(8.132600e+04,4.698100e+04)
710(8.075500e+04,4.674600e+04)
V
H
H
H
550(7.355300e+04,4.822500e+04)
553(7.522500e+04,4.792100e+04)
H
575(7.591000e+04,4.657500e+04)
708(7.564600e+04,4.879000e+04)
1020(7.561500e+04,4.934600e+04)
V
H
H
1618(7.955300e+04,5.061100e+04)
357(7.778100e+04,5.022100e+04)
781(7.813200e+04,5.080200e+04)
H
H
1001(8.046400e+04,4.867200e+04)
1671(8.082400e+04,4.880800e+04)
V
V
V
V
1679(9.153300e+04,5.070700e+04)
1110(9.245400e+04,4.951900e+04)
282(9.143400e+04,5.008400e+04)
576(9.150800e+04,4.979900e+04)
V
V
H
354(9.485100e+04,5.339000e+04)
1674(9.432400e+04,5.327400e+04)
V
1678(9.316300e+04,5.256200e+04)
1677(9.402000e+04,5.290700e+04)
V
V
50(9.263200e+04,5.659300e+04)
1619(9.098700e+04,5.536500e+04)
H
14(9.237000e+04,5.312300e+04)
1023(9.110500e+04,5.311200e+04)
H
H
V
H
983(9.448300e+04,4.835000e+04)
1264(9.683700e+04,4.953700e+04)
349(9.586500e+04,4.743800e+04)
583(9.597400e+04,4.835800e+04)
V
H
V
V
578(8.914700e+04,4.817700e+04)
1300(8.881100e+04,4.712000e+04)
1676(8.822400e+04,4.700800e+04)
V
V
5(8.684400e+04,5.101300e+04)
1050(8.574100e+04,5.089500e+04)
H
1013(8.720500e+04,4.869500e+04)
342(8.453400e+04,4.912300e+04)
355(8.514800e+04,4.855800e+04)
H
V
V
H
356(8.670700e+04,4.305900e+04)
1111(8.687100e+04,3.961100e+04)
15(8.652900e+04,4.117300e+04)
585(8.624500e+04,4.211900e+04)
H
H
H
1856(8.531500e+04,4.665000e+04)
74(8.503700e+04,4.387300e+04)
1299(8.403700e+04,4.522200e+04)
H
V
587(9.002000e+04,4.195800e+04)
992(9.084800e+04,4.368200e+04)
V
1260(8.971200e+04,4.603300e+04)
V
1012(9.167100e+04,4.680100e+04)
679(9.181200e+04,4.440100e+04)
1620(9.226200e+04,4.511500e+04)
H
H
H
H
H
H
H
H
1269(8.066900e+04,7.168800e+04)
1549(8.033500e+04,7.040000e+04)
H
1546(7.658000e+04,7.047300e+04)
69(7.919000e+04,7.277100e+04)
1561(7.847600e+04,7.153200e+04)
V
H
V
1614(7.908800e+04,6.646900e+04)
1557(7.711400e+04,6.669200e+04)
H
706(8.124600e+04,6.481700e+04)
1261(7.783300e+04,6.503200e+04)
V
V
V
558(8.844700e+04,6.848100e+04)
269(8.914800e+04,6.910400e+04)
756(8.887600e+04,6.922300e+04)
V
H
1263(8.193100e+04,6.692000e+04)
755(8.437000e+04,6.690900e+04)
H
547(8.213800e+04,6.928900e+04)
1853(8.370600e+04,6.914000e+04)
H
H
568(8.476200e+04,6.849700e+04)
654(8.449800e+04,6.882400e+04)
V
266(8.585600e+04,7.075500e+04)
1010(8.482700e+04,7.025900e+04)
1479(8.422700e+04,6.978100e+04)
V
V
H
V
V
H
306(8.485700e+04,8.184600e+04)
610(8.156500e+04,8.156300e+04)
965(8.263400e+04,8.194200e+04)
H
V
510(8.028500e+04,7.640500e+04)
1548(8.054100e+04,7.755900e+04)
H
772(8.172500e+04,7.449000e+04)
1231(8.037500e+04,7.467600e+04)
H
H
979(8.333300e+04,7.856200e+04)
270(8.240100e+04,7.851500e+04)
774(8.242700e+04,7.853700e+04)
H
V
1555(8.141200e+04,7.954500e+04)
495(8.255000e+04,7.988700e+04)
1359(8.344900e+04,7.962400e+04)
V
V
H
H
V
265(8.571100e+04,7.574000e+04)
1271(8.624600e+04,7.509400e+04)
H
326(8.357300e+04,7.546600e+04)
364(8.496300e+04,7.452800e+04)
H
H
705(8.622600e+04,7.330100e+04)
775(8.631300e+04,7.384100e+04)
V
52(8.739600e+04,7.444600e+04)
271(8.782000e+04,7.369800e+04)
1092(8.739500e+04,7.367800e+04)
H
H
V
H
H
H
569(8.037000e+04,5.417900e+04)
1616(8.125200e+04,5.459400e+04)
V
7(8.571800e+04,5.460200e+04)
551(8.312200e+04,5.496000e+04)
1055(8.411200e+04,5.514300e+04)
V
H
H
1855(8.696000e+04,5.299600e+04)
1024(8.445200e+04,5.296200e+04)
1265(8.437300e+04,5.304700e+04)
V
H
301(8.331900e+04,5.126300e+04)
769(8.381500e+04,5.097800e+04)
V
1580(8.421700e+04,5.267600e+04)
H
V
V
673(8.647300e+04,6.295600e+04)
42(8.785600e+04,6.288600e+04)
1266(8.866500e+04,6.307000e+04)
V
V
1267(8.920600e+04,5.996000e+04)
1228(8.805500e+04,5.867400e+04)
V
435(8.665800e+04,5.702700e+04)
1011(8.735600e+04,5.688700e+04)
V
672(8.824400e+04,5.636800e+04)
776(8.803000e+04,5.707800e+04)
H
H
V
V
1559(7.991300e+04,6.219900e+04)
1582(7.959100e+04,6.014500e+04)
H
340(8.390400e+04,6.064800e+04)
1064(8.389500e+04,6.039500e+04)
H
281(8.057000e+04,5.903200e+04)
612(8.048400e+04,5.875800e+04)
H
1560(8.265900e+04,5.769600e+04)
363(8.332600e+04,5.954000e+04)
H
V
H
H
V
V
572(7.823600e+04,5.940000e+04)
1663(7.822400e+04,5.756000e+04)
H
267(7.601000e+04,5.881300e+04)
1022(7.627900e+04,5.974400e+04)
H
43(7.412300e+04,5.863900e+04)
554(7.492600e+04,5.986000e+04)
V
V
V
1049(7.663300e+04,5.719900e+04)
678(7.781800e+04,5.483800e+04)
562(7.554000e+04,5.566800e+04)
V
H
548(7.296400e+04,5.648800e+04)
1078(7.315800e+04,5.627400e+04)
H
559(7.418700e+04,5.505400e+04)
1008(7.334400e+04,5.598600e+04)
H
V
H
V
778(7.195500e+04,5.795800e+04)
1751(7.141200e+04,5.826600e+04)
V
1550(6.865700e+04,6.250900e+04)
1857(6.871000e+04,5.984600e+04)
H
343(7.263400e+04,6.084200e+04)
566(7.268400e+04,6.163400e+04)
H
365(7.108100e+04,6.077000e+04)
565(7.104200e+04,6.203100e+04)
H
H
V
H
1664(7.341300e+04,6.727200e+04)
1854(7.416300e+04,6.705300e+04)
H
368(7.454000e+04,6.912200e+04)
1756(7.313700e+04,6.848200e+04)
H
V
574(7.581600e+04,6.403800e+04)
674(7.517300e+04,6.407200e+04)
H
557(7.638400e+04,6.497600e+04)
770(7.612500e+04,6.565000e+04)
V
V
842(7.194000e+04,6.480400e+04)
1056(7.249200e+04,6.279200e+04)
V
H
H
H
V
V
V
V
V
H
H
H
V
