34(1.740000e+02,4.244000e+03)
36(1.099000e+03,3.894000e+03)
38(4.990000e+02,3.770000e+03)
40(1.550000e+02,3.488000e+03)
V
V
V
48(8.840000e+02,2.328000e+03)
44(1.046000e+03,2.620000e+03)
45(9.210000e+02,2.520000e+03)
V
H
52(2.361000e+03,2.056000e+03)
57(2.281000e+03,1.643000e+03)
H
47(1.463000e+03,2.481000e+03)
43(1.298000e+03,2.752000e+03)
H
H
V
71(2.000000e+02,4.610000e+02)
74(1.200000e+02,3.030000e+02)
H
73(1.289000e+03,3.030000e+02)
68(7.290000e+02,7.420000e+02)
V
H
49(5.500000e+01,2.328000e+03)
53(1.920000e+02,2.056000e+03)
54(5.500000e+01,1.902000e+03)
H
H
58(2.190000e+02,1.500000e+03)
61(6.100000e+02,1.372000e+03)
H
65(1.050000e+03,1.040000e+03)
66(8.810000e+02,1.040000e+03)
H
H
V
V
H
H
11(1.383600e+04,7.072000e+03)
14(1.248000e+04,7.490000e+03)
V
2(1.209400e+04,9.348000e+03)
5(1.345000e+04,8.672000e+03)
H
H
31(1.233300e+04,4.514000e+03)
37(1.305700e+04,3.770000e+03)
H
21(1.176500e+04,5.847000e+03)
28(1.062400e+04,4.965000e+03)
V
V
H
8(8.181000e+03,8.375000e+03)
13(8.159000e+03,7.799000e+03)
V
1(7.836000e+03,9.490000e+03)
4(8.581000e+03,8.810000e+03)
V
H
20(6.894000e+03,5.998000e+03)
15(6.943000e+03,7.251000e+03)
16(7.219000e+03,6.870000e+03)
H
V
10(7.405000e+03,8.219000e+03)
6(7.240000e+03,8.672000e+03)
7(6.868000e+03,8.520000e+03)
H
H
9(6.397000e+03,8.375000e+03)
12(6.496000e+03,7.938000e+03)
H
3(6.653000e+03,8.952000e+03)
V
V
H
H
V
62(1.390400e+04,1.195000e+03)
72(1.238800e+04,3.030000e+02)
55(1.295100e+04,1.772000e+03)
67(1.284500e+04,8.820000e+02)
V
V
V
70(8.558000e+03,4.610000e+02)
59(9.054000e+03,1.372000e+03)
63(8.565000e+03,1.195000e+03)
V
V
50(1.105200e+04,2.201000e+03)
69(1.068500e+04,6.020000e+02)
V
H
V
29(9.973000e+03,4.650000e+03)
32(9.903000e+03,4.514000e+03)
V
39(8.972000e+03,3.629000e+03)
35(7.988000e+03,4.049000e+03)
H
H
18(7.745000e+03,6.459000e+03)
17(8.416000e+03,6.728000e+03)
19(8.406000e+03,6.316000e+03)
H
H
25(7.455000e+03,5.236000e+03)
26(8.043000e+03,5.102000e+03)
V
22(8.623000e+03,5.701000e+03)
24(8.582000e+03,5.548000e+03)
V
H
V
V
64(7.141000e+03,1.195000e+03)
60(5.962000e+03,1.372000e+03)
H
46(5.818000e+03,2.481000e+03)
51(5.591000e+03,2.056000e+03)
56(5.752000e+03,1.772000e+03)
H
V
H
33(3.438000e+03,4.372000e+03)
41(5.454000e+03,3.332000e+03)
42(4.719000e+03,3.052000e+03)
H
H
30(5.930000e+03,4.650000e+03)
23(6.206000e+03,5.701000e+03)
27(6.398000e+03,5.102000e+03)
H
H
V
V
H
V
V
V
