2(1.240900e+04,1.125700e+04)
6(1.248200e+04,1.080200e+04)
7(1.235900e+04,1.080200e+04)
V
5(1.183400e+04,1.095600e+04)
8(1.218400e+04,1.065500e+04)
H
H
V
19(9.723000e+03,9.756000e+03)
13(1.048500e+04,1.020800e+04)
V
9(1.072000e+04,1.051000e+04)
10(1.021900e+04,1.051000e+04)
V
3(1.091700e+04,1.110000e+04)
1(1.016200e+04,1.125700e+04)
4(9.698000e+03,1.110000e+04)
H
V
H
H
H
37(8.504000e+03,8.611000e+03)
41(8.428000e+03,8.350000e+03)
H
44(9.593000e+03,8.058000e+03)
49(8.714000e+03,7.901000e+03)
51(9.113000e+03,7.756000e+03)
V
V
V
50(1.051400e+04,7.756000e+03)
40(1.109700e+04,8.350000e+03)
42(1.093800e+04,8.209000e+03)
V
V
30(1.033800e+04,8.911000e+03)
39(1.045600e+04,8.493000e+03)
V
33(1.118700e+04,8.754000e+03)
V
H
H
34(6.099000e+03,8.754000e+03)
45(7.239000e+03,8.058000e+03)
46(6.375000e+03,7.901000e+03)
54(6.374000e+03,7.502000e+03)
H
H
H
21(6.853000e+03,9.756000e+03)
26(6.893000e+03,9.209000e+03)
H
23(9.084000e+03,9.361000e+03)
25(8.652000e+03,9.209000e+03)
V
27(7.502000e+03,9.055000e+03)
29(7.786000e+03,9.055000e+03)
H
20(7.735000e+03,9.756000e+03)
24(8.060000e+03,9.361000e+03)
V
H
V
H
H
V
V
179(1.039900e+04,4.900000e+02)
174(1.084200e+04,1.256000e+03)
175(1.090800e+04,1.102000e+03)
V
V
164(1.177400e+04,2.446000e+03)
165(1.250000e+04,2.301000e+03)
V
146(1.144700e+04,3.101000e+03)
150(1.127500e+04,3.706000e+03)
H
H
H
154(1.065600e+04,3.402000e+03)
148(1.082500e+04,3.949000e+03)
151(1.075600e+04,3.706000e+03)
V
H
149(9.973000e+03,3.949000e+03)
152(1.000200e+04,3.547000e+03)
V
157(1.033200e+04,3.101000e+03)
158(9.915000e+03,2.909000e+03)
V
V
H
H
163(9.051000e+03,2.446000e+03)
142(8.266000e+03,3.547000e+03)
147(9.443000e+03,3.101000e+03)
155(9.084000e+03,3.402000e+03)
V
H
V
133(9.168000e+03,4.241000e+03)
106(9.143000e+03,4.845000e+03)
H
126(1.005400e+04,4.402000e+03)
127(9.739000e+03,4.402000e+03)
H
103(9.520000e+03,5.152000e+03)
105(9.628000e+03,4.845000e+03)
113(9.650000e+03,4.697000e+03)
H
V
V
H
V
H
76(1.018600e+04,6.004000e+03)
75(1.044500e+04,6.004000e+03)
84(1.042900e+04,5.856000e+03)
H
H
101(1.065700e+04,5.152000e+03)
102(1.017900e+04,5.152000e+03)
104(1.023600e+04,5.003000e+03)
H
H
H
59(1.168400e+04,6.903000e+03)
60(1.044000e+04,6.903000e+03)
V
82(1.101900e+04,5.856000e+03)
83(1.098800e+04,5.856000e+03)
V
H
100(1.171700e+04,5.152000e+03)
85(1.156800e+04,5.605000e+03)
87(1.162600e+04,5.460000e+03)
V
V
V
H
88(8.451000e+03,5.460000e+03)
94(8.285000e+03,5.308000e+03)
H
114(7.638000e+03,4.697000e+03)
90(7.553000e+03,5.460000e+03)
89(8.092000e+03,5.460000e+03)
H
H
H
69(8.984000e+03,6.502000e+03)
64(9.328000e+03,6.756000e+03)
72(9.507000e+03,6.359000e+03)
H
H
61(8.384000e+03,6.903000e+03)
65(8.171000e+03,6.756000e+03)
V
71(7.422000e+03,6.502000e+03)
70(8.548000e+03,6.502000e+03)
73(8.538000e+03,6.359000e+03)
V
H
V
V
V
V
V
V
178(5.128000e+03,6.600000e+02)
166(4.475000e+03,2.154000e+03)
V
177(2.287000e+03,8.080000e+02)
173(3.192000e+03,1.402000e+03)
H
V
167(3.314000e+03,2.154000e+03)
168(2.892000e+03,2.154000e+03)
H
159(3.149000e+03,2.909000e+03)
161(3.589000e+03,2.602000e+03)
H
H
169(1.777000e+03,2.004000e+03)
171(1.613000e+03,1.701000e+03)
V
160(1.587000e+03,2.757000e+03)
162(2.188000e+03,2.602000e+03)
V
V
H
V
116(3.867000e+03,4.697000e+03)
128(3.942000e+03,4.402000e+03)
V
137(4.091000e+03,4.108000e+03)
139(3.863000e+03,3.949000e+03)
140(3.842000e+03,3.706000e+03)
V
H
V
H
81(4.512000e+03,6.004000e+03)
79(5.689000e+03,6.004000e+03)
80(5.440000e+03,6.004000e+03)
V
H
115(5.565000e+03,4.697000e+03)
136(5.696000e+03,4.108000e+03)
138(5.761000e+03,3.949000e+03)
V
V
86(6.295000e+03,5.605000e+03)
95(6.966000e+03,5.308000e+03)
V
H
H
77(3.181000e+03,6.004000e+03)
96(3.300000e+03,5.308000e+03)
107(3.577000e+03,4.845000e+03)
H
H
141(2.500000e+03,3.706000e+03)
108(2.847000e+03,4.845000e+03)
134(3.268000e+03,4.241000e+03)
119(2.651000e+03,4.560000e+03)
129(2.931000e+03,4.402000e+03)
V
H
H
H
V
H
H
15(2.803000e+03,1.006000e+04)
16(2.102000e+03,1.006000e+04)
H
28(3.505000e+03,9.055000e+03)
14(3.750000e+03,1.020800e+04)
H
V
55(1.939000e+03,7.502000e+03)
67(2.156000e+03,6.756000e+03)
H
62(3.836000e+03,6.903000e+03)
66(3.407000e+03,6.756000e+03)
H
V
H
74(3.650000e+02,6.210000e+03)
63(5.040000e+02,6.903000e+03)
68(8.300000e+02,6.756000e+03)
V
H
56(7.740000e+02,7.360000e+03)
47(6.580000e+02,7.901000e+03)
52(9.390000e+02,7.756000e+03)
V
H
48(7.900000e+01,7.901000e+03)
53(4.600000e+01,7.756000e+03)
V
57(3.500000e+01,7.211000e+03)
58(1.570000e+02,7.054000e+03)
H
H
V
V
11(3.470000e+02,1.036100e+04)
12(2.800000e+01,1.036100e+04)
V
22(5.740000e+02,9.512000e+03)
17(9.120000e+02,9.918000e+03)
18(2.440000e+02,9.918000e+03)
V
V
V
31(4.170000e+02,8.911000e+03)
32(1.090000e+02,8.911000e+03)
V
36(8.320000e+02,8.754000e+03)
38(9.580000e+02,8.611000e+03)
V
43(1.318000e+03,8.209000e+03)
35(1.203000e+03,8.754000e+03)
V
V
V
H
H
H
117(2.037000e+03,4.697000e+03)
120(1.939000e+03,4.560000e+03)
H
92(1.269000e+03,5.460000e+03)
97(1.424000e+03,5.308000e+03)
V
78(1.598000e+03,6.004000e+03)
91(1.728000e+03,5.460000e+03)
V
V
109(1.350000e+03,4.845000e+03)
110(1.148000e+03,4.845000e+03)
V
135(1.512000e+03,4.241000e+03)
121(1.403000e+03,4.560000e+03)
130(1.275000e+03,4.402000e+03)
V
H
V
H
V
176(8.370000e+02,9.500000e+02)
170(8.280000e+02,1.856000e+03)
172(6.320000e+02,1.554000e+03)
V
H
143(1.018000e+03,3.402000e+03)
144(6.810000e+02,3.402000e+03)
H
153(2.690000e+02,3.547000e+03)
145(8.400000e+01,3.252000e+03)
156(3.590000e+02,3.252000e+03)
V
H
V
H
93(6.570000e+02,5.460000e+03)
98(4.410000e+02,5.308000e+03)
99(1.310000e+02,5.308000e+03)
V
V
123(4.730000e+02,4.560000e+03)
124(3.670000e+02,4.560000e+03)
V
131(6.240000e+02,4.402000e+03)
132(3.540000e+02,4.402000e+03)
H
H
112(1.170000e+02,4.845000e+03)
125(1.080000e+02,4.560000e+03)
V
122(7.740000e+02,4.560000e+03)
111(6.650000e+02,4.845000e+03)
118(4.310000e+02,4.697000e+03)
H
V
V
V
V
V
V
V
V
V
