8.751
9.608
-12.126
-10.080
-13.779
10.556
9.167
11.669
-7.612
8.037
7.116
-10.897
12.025
10.516
-9.419
13.321
-9.336
-10.339
10.647
10.918
8.435
10.950
-9.608
13.289
12.203
11.870
7.296
-8.652
7.662
-10.122
-13.058
-9.791
-9.178
13.176
11.569
-11.625
-7.437
12.285
-11.138
12.305
8.165
-9.759
7.337
11.566
-8.762
8.401
12.893
-12.654
-8.456
11.428
-13.513
7.793
13.151
10.675
10.226
7.631
10.586
7.864
11.531
12.042
-10.315
7.378
-10.969
-10.715
-11.838
-7.941
12.034
6trdgsn
7.749
-7.815
-9.181
7.643
11.180
9.638
11.793
9.893
-11.465
7.010
-8.752
8.859
-7.259
13.149
47gzut6
12.832
-12.412
-11.747
13.765
12.216
11.569
11.041
-12.626
-11.365
-12.534
8.352
7.270
10.275
-7.793
10.376
-7.956
7.238
10.504
11.766
8.720
7.214
q575akz
-11.301
-12.099
11.735
-13.605
12.940
12.773
12.898
10.891
7.103
9.064
11.777
-10.054
11.042
9.793
8.190
11.276
7.955
7.797
10.260
12.968
10.480
12.590
9.731
13.891
12.438
-12.459
12.156
wp_dxxh
10.422
10.432
7.319
10.403
10.285
9.640
9.162
-11.274
-7.237
8.052
7.153
-10.119
-7.837
12.451
10.338
13.818
10.709
-13.970
12.277
7.840
11.086
-8.058
10.206
-7.436
12.290
9.147
7.703
-9.247
-9.368
vj0aaym
8.714
11.901
13.220
7.493
7.786
-7.270
11.960
8.000
7.027
13.109
12.217
-12.922
-13.254
-12.562
10.585
-10.227
8.385
10.843
-9.687
8.698
7.880
11.906
13.431
-8.616
-7.172
-8.318
9.196
9.756
-11.372
-8.370
9.640
13.838
-13.698
10.676
-7.014
8.173
8.603
12.567
11.233
11.214
13.452
10.304
8.198
9.695
-13.598
-10.646
11.579
-8.433
-11.287
12.146
-9.378
9.626
11.226
-12.337
42smp22
8.848
13.230
13.764
9.646
8.388
13.253
10.455
13.188
7.941
-10.747
-11.637
8.686
11.382
11.196
-8.452
-7.786
-11.491
-11.808
12.129
-12.013
mhqztf2
12.445
-9.987
8.929
10.622
9.352
7.468
9.758
9.904
9.089
11.041
9.994