6.468
-10.460
-6.626
-11.483
9.299
7.975
-9.739
9.110
-5.081
8.778
-11.357
12.124
13.997
13.336
-9.052
-10.291
8.592
9.186
6.021
6.018
11.007
11.974
6.132
-6.181
8.358
10.822
11.729
14.443
6.267
5.304
12.734
10.857
7.575
-8.359
11.453
6.250
-9.824
-5.705
-8.486
11.189
13.319
10.517
5.347
10.520
12.368
-7.754
-8.873
-11.501
-9.880
11.559
-11.668
11.275
7.342
12.794
9.045
11.339
-9.212
-14.786
-8.943
-13.567
12.815
-6.239
-6.035
6.885
7.480
7.360
11.717
-13.592
13.955
-8.730
5.423
8.723
7.766
6.364
3xnj8fh
-10.686
-5.148
14.560
14.344
-6.153
12.501
14.550
-5.504
-7.364
-14.833
14.608
8.970
8.878
7.485
11.362
8.265
-9.681
13.929
12.568
-11.034
10.185
5.251
13.240
9.754
-13.960
10.080
6.432
13.159
10.983
6.893
8.175
pceyprh
6.179
-8.281
-14.611
8.833
10.802
6.080
-5.148
-9.845
8.672
8.484
13.888
7.082
-13.689
5.923
13.548
-12.077
12.309
6.567
13.082
-10.521
8.227
-10.344
11.449
14.780
7.375
9.357
10.269
-14.487
9.964
-8.732
12.373
-10.337
8.582
13.921
6.722
14.630
7.628
11.783
8.980
9.331
5.071
-10.457
13.028
11.841
5.916
11.020
-11.344
5.928
13.096
-7.793
7.374
-5.949
9.657
-8.499
13.092
6.789
-7.968
14.016
14.468
9.639
p146j60
-12.607
7.940
9.096
8.910
11.688
9.800
11.993
7.725
13.969
9.664
-12.586
8.583
12.580
12.408
10.006
5.443
11.662
-10.952
-12.008
8.461
11.338
-13.850
12.669
5.122
8.367
8.706
-13.318
11.899
-12.477
7.027
12.189
-10.433
5.866
6.192
11.494
6.745
-14.919
13.036
-13.374
-12.161
-7.423
-8.916
12.799
7.526
-14.233
14.056
14.265
-6.904
7.925
8.384
9.298
5.207
13.574
8.135
8.023
13.525
-7.833
-10.735
-7.158
-13.572
13.998
7.518
12.443
14.587
35otrtv
8.405
-14.650
13.278
10.427
-13.807
-11.965
-8.477
-11.523
-7.915
-7.689
10.097
11.757
-5.984
-12.840
dqza3ck
-11.963
6.748