-11.556
-10.642
qwlnwo8
-10.204
-11.504
11.420
10.562
10.138
11.425
11.811
10.761
-11.846
-11.003
11.544
-10.240
-10.172
xmtb0ee
-11.542
11.594
10.444
xbh0ztj
-11.558
10.082
11.371
11.467
11.983
11.914
-10.334
11.673
-10.150
11.042
-10.222
-10.039
-10.713
-11.552
11.855
-10.093
-11.988
10.967
11.692
-10.732
10.591
10.693
10.026
11.409
11.706
11.718
10.954
11.932
-10.253
10.571
10.983
10.524
10.776
-11.420
10.975
11.926
-10.992
j8q75rx
11.343
11.592
11.747
-11.939
11.329
-10.358
-10.095
d__dwcg
d4ngc0k
10.956
-11.411
11.889
10.631
11.780
11.966
10.970
10.300
10.103
11.990
10.167
10.910
11.068
11.373
-10.667
11.122
-10.421
-11.018
10.042
-11.451
-11.867
-11.993
10.575
11.621
11.053
10.762
z116epr
-10.831
10.889
11.689
-10.931
11.791
6oavtwc
11.324
-10.875
-11.666
10.062
10.176
10.217
10.802
10.617
11.938
10.945
-10.551
11.108
11.886
11.369
10.247
11.750
11.699
-11.052
10.071
10.900
11.457
11.512
-10.673
10.198
-11.112
10.113
-10.917
11.106
idknhp8
11.597
10.977
11.532
-11.344
-11.887
11.248
10.014
-10.410
-11.587
11.281
-10.128
11.267
11.368
10.819
10.322
11.856
10.566
10.091
-11.202
11.972
10.795
10.544
10.195
10.249
11.253
10.619
-11.647
11.489
11.013
-10.497
11.297
10.992
-11.749
10.902
10.305
11.072
-11.497
10.192
-11.703
-10.041
-10.332
-11.779
10.122
-11.493
-10.212
11.514
10.943
10.663
-10.634
11.940
-10.202
10.471
-11.210
11.702
-10.923
10.941
11.669
10.950
-11.727
11.889
10.767
11.191
q0tsbco
-11.363
10.980
10.013
10.463
10.243
10.629
-10.654
10.541
11.663
-11.999
-10.454
11.688
11.350
-11.542
10.970
11.382
10.533
-10.815
11.774
10.434
10.992
-10.187
10.691
-11.116
11.848
10.663
10.228
-10.623
11.440
11.965
10.757
11.843
10.801
10.416
-10.385
-10.741
-10.573
10.110
11.735
-10.051
-11.463
-11.372
10.076
-10.442
11.631
10.898
11.653
11.746
11.563
-11.355
11.919
10.854
11.019
11.613
11.536
10.822
-10.979