5.130
5.484
4.038
4.058
3.409
4.940
5.014
4.584
5.063
-4.315
-5.730
-5.482
4.070
-3.893
4.407
5.442
-4.984
-4.462
4.414
4.380
4.065
5.285
4.738
4.118
4.291
4.737
-5.666
3.728
-4.504
5.488
3.495
4.037
5.351
-4.502
5.625
3.564
5.160
3.938
-3.186
3.773
3.908
4.216
-5.970
4.299
4.103
5.686
-5.652
5.327
3.393
-5.111
-3.818
3.025
-3.933
3.757
4.671
-4.283
5.408
-4.224
-3.989
3.349
-3.946
-3.755
5.005
5.556
3.694
3.394
-3.284
5.933
-3.913
5.798
-5.122
5.888
4.470
3.604
3.438
-4.982
5.953
4.144
3.891
-3.991
-5.663
3.389
5.745
-3.422
-5.050
4.108
4.906
-5.323
3.882
-5.902
3.660
-3.456
5.277
-4.375
3.432
3.074
5.318
-5.756
5.961
3.570
3.277
4.210
4.446
-5.538
4.303
-5.998
5.919
4.088
3.607
4.379
4.397
3.676
-5.253
3.304
4.598
4.903
4.013
3.444
3.150
5.021
3.181
4.762
4.121
4.942
4.796
-3.857
4.621
-4.723
5.720
3.373
3.794
4.178
3.542
5.815
-3.154
5.735
3.109
-3.250
3.925
-5.889
-3.481
4.839
3.700
5.474
5.432
3.293
-4.640
-4.033
5.092
5.818
5.297
4.065
-5.826
3.090
-3.705
dhy8qkd
3.396
3.230
-3.501
4.890
-3.908
5.337
-3.600
5.556
5.354
5.249
-3.123
4.672
-5.884
4.449
5.573
4.669
-5.845
3.678
-4.121
-3.418
-5.901
-5.826
3.538
3.685
4.645
3.931
3.082
4.453
3.732
5.857
-3.446
5.784
3.104
3.467
3.801
4.247
5.617
3.710
4.730
4.524
-4.455
-5.959
3.999
emg3fs7
3.716
-5.452
5.197
3.086
-5.143
4.625
4.294
5.775
3.102
-5.926
3.607
4.286
-3.266
4.824
4.558
3.993
-5.130
-5.852
-5.427
4.263
-4.493
3.687
4.413
-5.882
4.884
3.675
-4.485
3.912
4.568
-3.895
3.849
-5.129
3.251
4.177
-4.222
4.445
5.435
4.678
3.955
5.912
3.404
4.164
3.141
4.659
-3.202
-3.234
5.377
3.020
5.435
4.895