13.126
-16.546
-12.508
-10.405
-16.520
16.668
-18.032
13.099
17.212
11.545
19.371
13.774
17.488
-12.508
10.314
17.728
-14.911
-16.132
-12.725
-15.500
-17.485
13.168
19.678
12.370
14.665
-15.607
16.411
-12.447
-17.290
16.367
15.507
10.710
18.055
t90qiq4
-11.859
17.356
17.541
16.364
14.558
15.315
12.158
-12.279
-14.408
-19.270
13.851
12.157
15.855
12.683
17.420
13.042
-14.436
-16.388
19.143
14.084
16.414
16.771
-17.958
-16.937
dt8uf_i
18.086
16.314
17.099
-17.505
-15.714
16.138
-10.567
19.859
12.623
10.871
-19.616
12.942
1rnie7p
-11.322
org8og3
-10.005
17.904
18.804
6rwvfmf
16.082
13.405
11.253
16.585
17.901
-19.272
11.807
19.932
14.675
13.266
-16.477
-12.846
18.830
19.087
18.847
11.964
14.136
15.872
15.859
16.616
15.460
17.151
14.642
-19.360
15.267
-17.023
-18.593
vr3bg8r
16.825
17.887
18.542
-10.035
-18.135
15.669
-16.071
18.692
18.598
13.016
14.994
-17.280
18.772
16.123
13.708
11.391
10.577
-15.505
-18.702
16.922
-14.519
-10.889
11.040
14.116
19.358
16.940
-16.230
13.484
-13.348
16.146
18.820
17.906
-18.722
12.883
19.883
15.231
19.617
14.131
10.556
17.322
11.223
19.128
11.722
8ghxtag
10.551
-16.745
-14.305
-14.093
19.968
-19.643
-18.785
19.428
17.974
17.432
10.504
18.539
17.392
-11.847
17.869
19.247
-13.240
14.855
12.490
-19.123
17.694
13.568
19.475
-16.312
12.229
17.965
10.334
-12.465
15.889
17.832
-13.636
-15.363
-12.209
19.365
-15.935
-13.796
-12.556
18.829
-15.931
-13.353
13.484
10.096
11.292
-15.058
11.080
f2_oe82
19.763
10.112
18.611
-10.196
-11.827
10.271
19.930
15.397
11.905
-16.801
-17.991
12.930
11.991
16.209
-14.037
12.767
-16.063
13.326
-16.960
14.391
11.726
-15.319
17.322
11.800
14.916
12.278
11.248
14.455
-18.078
11.820
11.613
-12.902
h7_72kw
14.671
10.709
17.853
15.530
-14.852
13.039
18.444
-14.908
-15.280
-14.855
13.524
16.146
z6fak35
17.305
13.463
-12.244
16.677
10.276
-11.266
16.978
-12.683