7.461
11.584
8.775
7.463
-8.863
-8.554
8.582
9.159
9.611
-7.703
-11.123
7.805
-7.084
7.067
11.923
11.536
8.302
11.859
10.382
10.524
7.790
11.667
11.547
-7.906
-11.947
9.236
-8.904
10.394
8.326
-7.913
9.181
-10.824
-7.495
7.508
-11.941
9.384
9.433
8.867
8.487
9.900
-7.304
7.012
10.423
9.874
9.567
9.513
7.653
9.033
8.541
10.037
-9.791
-9.535
10.543
9.055
-8.105
11.235
-11.293
-10.125
9.324
11.588
9.590
-10.870
-9.445
10.920
-9.012
9.829
-10.562
10.704
10.243
10.497
-11.443
10.928
9.715
-9.862
-9.804
-10.408
yftjfcg
-8.806
11.092
10.832
11.127
11.044
7.374
-10.644
9.701
8.090
8.000
-11.617
10.147
8.424
-10.257
10.377
-11.717
-10.840
7.031
10.580
-11.358
-9.973
9.581
-10.422
-8.051
-11.671
9.568
-10.260
11.769
11.821
7.294
10.163
11.066
7.076
9.033
10.921
-9.620
7.037
7.411
9.817
10.985
9.804
11.119
-7.346
11.193
-7.487
7.720
9.036
10.969
11.852
9.051
-9.353
-10.505
11.196
10.072
7.938
9.151
8.084
10.622
10.531
11.697
11.033
-8.343
9.768
-8.434
-9.954
-11.083
9.321
9.588
11.748
8.628
8.135
8.448
-7.400
10.684
-8.337
9.165
10.146
10.018
10.264
-8.442
n6_qafl
u1sx9gc
-8.467
10.626
9.094
11.320
8.267
8.454
-9.407
8.979
-11.910
8.138
11.336
-8.007
d_269ug
9.640
10.642
-8.367
-7.177
9.488
7.543
11.015
9.279
7.101
11.408
-11.733
9.050
7.714
8.529
8.706
9.613
10.254
-9.253
9.487
-8.024
-9.401
9.151
-8.962
-10.851
8.717
-9.624
8.931
10.473
9.768
-8.751
-9.667
-9.811
7.965
-10.011
8.629
-10.068
10.513
11.960
7.276
10.136
10.582
8.310
-10.836
8.579
10.555
9.911
11.942
-9.619
9.372
-10.938
-11.884
9.170
11.088
-9.299
7.416
7.541
10.695
10.407
10.959
10.840
-8.563
10.268
-10.934
-11.231
9.392
-7.403
-9.482
11.551
-10.400
8.944
10.126
11.863
-8.815
-8.140
11.227
8.344
8.048
-9.428