6.010
-3.687
2.638
2.492
-2.242
2.289
-4.861
01qeumj
-4.019
-3.686
-5.117
4.827
-4.042
3.174
4.751
2.764
4.782
3.981
2.975
2.328
6.924
-6.037
-6.011
2.168
4.590
5.586
-3.970
-3.867
-3.517
-6.475
4.798
5.322
3.652
-5.450
-5.589
5.522
-6.063
4.947
6.148
5.246
4.123
-5.302
5.972
-3.437
3.903
-6.923
2.077
5.927
3.420
-4.376
5.371
2.677
5.178
-6.063
4.874
6.115
6.416
3.201
5.580
4.023
5.079
5.225
-6.764
6.059
-6.240
-6.133
-3.116
5.908
-4.734
4.956
-6.758
3.120
6.105
2.986
-2.023
3.463
58fulws
2.769
4.588
2.329
5.740
2.481
-4.710
5.352
4.998
6.667
-5.197
zm5bg_6
-3.824
-6.723
5.766
6.348
4.463
6.473
-3.835
6.689
-6.426
-6.500
-5.767
5.957
-6.818
-5.547
vq3v0tp
3.531
6.227
-6.292
-6.969
2.596
3.623
-2.408
-5.916
6.007
3.188
3.961
5.635
3.974
-3.061
-6.688
fjy6wr9
6.943
6.489
6.997
-5.444
6.865
2.681
-5.257
-3.508
5.470
3.618
3.517
5.807
-6.768
5.245
6.942
-2.312
6.022
5.031
4.012
-6.435
-2.286
-5.046
-6.546
6.843
-4.907
4.648
5.126
6.073
5.244
-6.818
2.750
3.356
-3.144
6.253
5.014
3.003
-3.846
4.899
-3.618
re93awj
6.238
-5.238
3.897
-4.809
-4.190
3.118
4.672
-2.366
3.018
-5.253
-5.508
3.241
-2.028
3.124
5.161
-3.249
2.502
3.062
-3.356
2.581
-5.455
4.066
4.076
-4.076
-3.830
5.699
-6.075
6.591
yefojon
3.735
ew3fy0x
4.171
6.223
4.791
2.477
-4.316
4.295
-4.179
6.003
4.544
6.363
4.483
-3.151
6.317
6.115
6.873
2.890
4.376
6.742
4.672
6.162
6.007
5.901
4.521
3.218
2.679
2.419
4.795
3.574
3.404
2.063
3.745
-4.957
4.383
6.426
3.334
6.444
4.984
-3.269
6.576
5.479
5.123
6.017
-5.565
-5.633
2.096
5.664
3.743
3.808
4.312
-4.807
5.818
qz_0y2x
6.010
-6.135
2.184
3.192
4.041
5.913
6.874
5l5u7vi