9.867
3.127
-5.133
5.968
3.601
8.643
6.591
7.499
3.950
8.770
-4.722
4.150
7.308
8.620
7.536
7.076
5.345
-8.758
8.627
-6.982
6.406
7.591
-8.800
-7.629
-9.401
-7.664
3.305
4.560
8.687
9.526
-3.049
cjtbmgo
6.273
-7.028
6.162
8.478
4.109
-4.613
4.156
6.665
8.784
5.460
7.982
-8.816
-3.378
4.450
6.332
4.335
-7.572
-9.927
4.495
9.458
57ft_t9
4.864
4.722
-8.183
5.705
3.954
6.974
-4.389
5.430
9.720
7.986
4.107
-4.105
-3.861
8.547
-9.770
8.531
7.817
7.690
3.970
6.145
4.044
8.846
-4.924
9.756
5.673
-8.601
6.585
8.058
8.428
7.550
-6.013
3.123
8.021
3.556
9.549
4.835
4.382
-7.637
7.876
-6.316
3.190
-7.929
-4.929
-3.352
9.885
6.540
-7.330
-8.498
-3.495
6.396
6.845
7.594
3.096
-7.165
5.486
-8.771
5.061
4.652
4.192
8.076
9.737
3.851
6.118
-8.391
8.864
-4.315
9.744
6.146
-9.884
-6.614
9.581
-4.944
-6.022
-9.415
7.516
8.182
4.213
-5.453
-9.026
7.253
4.341
5.330
8.257
3.204
4.275
5.787
z6axl98
6.731
5.644
-4.013
-3.693
3.931
4.170
8.281
4.599
6.702
-9.333
5.931
-6.350
5.423
9.691
3.377
-7.690
8.973
4.462
ad88yl1
7.780
3.196
5.560
-9.639
-4.886
9.585
8.364
-9.041
5.447
4.717
8.298
-9.584
6.311
8.084
-4.213
3.720
9.194
3.665
3.165
4.194
-9.153
6.864
3.104
3.143
-9.591
7.725
9.161
4.020
3.645
awdk_68
4.828
3.766
-7.717
-3.886
9.633
6.924
8.223
7.978
-4.107
-6.977
-3.818
z_6uoam
-6.985
-7.426
-9.944
3.050
6.562
4.002
4.708
6.319
9.677
8.239
3.891
huur2lg
5.137
-3.801
-7.186
-8.977
-3.888
-4.211
7.997
-7.614
g7lkbuf
8.995
-4.446
-4.154
9.927
9.543
-5.914
7.304
-5.121
8.083
-3.768
7.127
-5.057
3.934
4.335
9.686
-6.115
8o0a2z_
-4.481
5.241
-5.203
9.136
-4.927
6.229
-9.714
7.575
3.930
8.877
8.669