8.948
-10.983
8.729
10.411
6.036
6.424
-6.914
8.493
9.346
10.504
-8.497
-6.981
6.454
-11.465
-8.262
9.136
9.919
-7.693
-10.650
9.823
-8.663
11.580
6.875
-10.528
11.671
-7.683
-10.351
11.823
-8.661
8.399
6.241
11.033
11.383
9.609
om44mwo
-11.914
10.976
-8.372
7.034
11.175
u5mvzxg
8.528
11.712
90v6hf8
8.263
9.684
9.639
-11.011
-6.988
11.174
7.360
7.157
9.083
-9.801
6.085
7.122
10.804
11.274
-11.477
8.261
8.378
9.906
-10.580
-7.406
-8.253
8.397
8.099
-6.048
6.183
6.079
10.336
-11.118
9.010
8.652
6.516
9.870
11.194
-7.267
7.902
-9.169
-9.753
6.293
11.495
8.358
8.529
7.075
7.211
9.619
10.124
6.479
-9.882
11.605
-7.513
7.802
10.453
10.655
-7.864
8.641
6.115
-9.004
-9.585
8.128
9.924
-6.466
11.901
11.377
8.733
-6.099
10.574
-7.190
10.475
6.624
-7.787
10.530
7.349
9.368
7.430
6.735
-7.147
8.649
10.057
11.158
11.345
7.901
11.517
11.882
-8.411
-7.188
10.905
-7.018
7.462
-7.999
7.227
9.319
-8.248
7.404
7.543
8.873
-6.615
-6.926
9.807
8.931
-9.118
-7.938
9.018
-11.712
-7.404
-7.349
7.761
7.774
6.437
-6.935
9.546
-6.411
-10.860
6.083
-11.789
-11.613
-7.431
9.461
10.499
7.063
7.292
_tdh6pn
10.840
cxaq7du
-11.823
10.420
6.778
11.365
-9.842
10.649
9.453
11.334
6.464
-7.907
7.948
7.478
7.465
7.439
6.250
8.881
-9.851
11.563
8.504
7.432
6.121
8.578
-11.748
7.828
-7.899
-10.599
11.605
9.712
8e_uor4
-10.824
-7.200
-7.084
-9.224
9.644
-6.668
-6.533
10.892
8.736
9.118
6.903
8.833
10.892
-10.432
9.538
7.002
6.352
7.971
11.467
7.646
6.192
wyyob21
7.526
6.747
9.310
7.964
-9.141
-9.120
7.258
-6.662
10.943
8.349
-10.093
6.537
10.641
-9.147
6.334
-11.927
-9.406
10.175
-8.691
-9.109
-8.619
7.362
-11.374
-11.262
9.595
10.008
-7.911
-7.321
-11.195
-6.009
7.225
-8.487
-10.452