-10.270
14.244
18.060
-10.798
-13.168
18.529
15.489
18.031
16.229
12.032
19.438
19.397
13.076
12.934
19.097
18.830
14.166
18.800
-18.856
-17.938
29ex9cw
13.909
17.454
-15.523
-10.133
17.990
11.738
14.831
14.670
-16.591
-10.234
11.033
10.428
18.753
-12.683
-11.726
11.276
14.933
14.469
12.101
19.209
-12.177
18.044
-12.199
19.422
17.848
18.947
12.095
14.432
11.652
15.437
12.486
14.985
12.568
-12.130
13.098
-13.290
19.055
17.983
-19.497
13.479
-12.854
-12.608
-16.818
17.079
-11.264
10.551
17.817
-15.706
13.492
16.622
-11.916
18.060
13.475
16.990
15.745
-13.231
14.370
18.793
12.718
10.166
16.483
18.666
16.407
16.358
19.777
11.776
14.767
-18.432
16.499
w9lbuex
10.920
12.645
11.047
-13.028
17.152
18.555
13.281
19.409
10.531
-18.695
-12.905
-10.419
18.038
-19.342
-11.970
-19.961
15.905
12.280
-14.047
14.356
-11.317
-13.942
13.914
11.849
-12.996
-15.576
-15.769
-14.652
14.482
b_8ikh2
14.652
14.471
-16.293
15.717
11.882
15.397
-11.800
12.880
17.610
-19.342
14.795
10.871
15.822
-13.681
12.348
15.163
14.996
-11.257
10.159
-13.354
17.489
11.794
-12.792
-10.219
19.462
13.738
12.054
10.707
k4rhfm4
13.117
r24b2m2
18.291
19.854
-18.019
10.978
13.023
15.110
19.364
-17.175
15.406
19.436
10.234
17.267
-11.435
13.835
-18.027
-19.210
14.479
12.950
12.524
13.502
12.573
17.701
-10.245
13.918
14.387
17.993
11.056
13.061
-18.023
12.086
19.178
-14.353
-12.638
14.207
19.862
12.752
12.128
15.732
10.382
-15.689
19.968
10.245
10.279
14.200
10.008
-15.387
19.155
14.179
11.789
-15.754
18.194
14.615
10.406
11.385
17.469
13.227
13.427
16.042
16.428
10.103
19.679
-16.530
-14.818
18.751
19.371
12.596
18.654
-10.664
17.111
13.152
j2b5bd0
17.905
10.524
-17.412
-16.399
-14.922
18.866
10.510
-10.662
-15.499
15.883
12.199
-18.816
35442c6
14.337
14.507
10.403
18.152
16.023
4tn9ssz
12.576
18.785
14.341
11.568
-14.031
-18.216
-15.993
10.505