6.273
7.949
4.947
-9.952
-6.481
7.020
-4.689
dc_5pl3
8.486
-8.904
8.846
6.102
7.740
-6.938
-4.424
9.632
7.754
5.576
7.166
7.039
9.980
4.422
8.120
6.236
3.960
3.924
-5.120
4.478
7.743
3.207
5.345
3.458
-8.503
9.060
4.347
9.337
5.559
8.885
-9.008
3.055
5.721
-7.178
4.867
5.894
-6.007
6.333
9.044
-9.625
7.336
7.647
-9.588
-8.748
5.050
3.508
6.540
5.110
5.540
-5.963
7.971
3.184
-5.447
-7.292
9.453
4.710
3.780
3.529
4.364
3.304
-5.768
6.250
4.134
8.401
-6.438
-4.198
96y8mp7
8.411
gda093x
6.555
8.918
6.091
7.044
-4.635
-3.856
6.365
6.074
-4.942
7.700
9.093
8.094
8.331
4.745
3.535
-4.626
-5.075
3.280
3.340
-8.196
z9xzqwg
-5.645
4.385
6.441
-5.555
-7.997
-5.066
9.429
-8.422
-7.962
9.997
9.141
-5.675
8.693
-9.399
-3.649
3.572
5.541
8.791
-5.901
-5.320
-6.552
6.543
8.182
4.452
4.450
8.946
-5.524
9.956
-4.903
5.136
5.637
4.574
4.813
4.427
-7.646
8.860
6.213
5.258
8.365
6.069
-8.650
-7.242
8.992
-9.374
4.115
4.616
dl5onu8
6.215
6.898
7.349
3.402
3.946
9.873
6123w15
7.165
6.427
9.583
5.577
6.653
5.211
4.067
-9.242
5.047
-4.797
-9.146
7.920
-5.846
4.707
9.106
-4.137
-4.260
8.201
-7.052
5.113
5.868
9.337
4.742
4.222
-8.407
4.348
3.984
8.614
8.024
6.419
6.986
3.403
4.676
6.605
5.532
-5.978
9.751
4.278
9.554
5.236
6.487
jw0pghm
6.720
6.456
8.282
6.148
5.059
-7.180
9.182
4.229
-9.239
8.920
-5.971
-4.634
3.720
-9.360
7.337
5.168
3.665
5.648
-5.836
-3.262
6.728
8.350
-5.509
8.523
4xiwpl5
8.031
-5.235
4.933
-3.885
-4.047
-3.026
6.793
6.975
7.246
8.490
-5.326
4.712
5.612
-4.618
7.789
7.193
7.550
8.146
dn9onhw
6.613
9.979
9.034
5.598
-8.022
8.578
6.948
-4.542
7.258
-8.231
-7.409
-3.862