ah203hh
-2.728
a3xywvc
-3.646
3.624
4.779
1.835
4.712
-4.536
1.664
1.881
3.843
1.040
4.437
1.403
1.091
-4.758
-4.989
3.238
3.981
4.019
2.035
4.657
-4.578
2.773
-4.360
4.745
2.434
1.113
2.269
3.341
2.937
2.325
2.446
-2.312
3.965
4.013
4.219
1.870
3.737
1.107
1.897
2sp5082
2.144
-1.512
-3.568
4.453
2.595
-4.609
-3.882
-3.562
2.283
-2.322
-3.233
2.821
4.477
2.635
2.974
2.496
1.931
3.040
2.459
1.500
-3.884
4.482
4.399
-1.777
1.819
2.987
4.176
4.421
2.937
1.495
3.250
3.387
7dbmlh5
1.012
-4.903
-1.239
-2.228
2.868
2.169
-2.188
1.173
-3.417
-4.100
1.440
2.028
-3.277
1.732
4.942
-1.419
-3.581
4.092
-4.909
4.922
-3.224
-1.144
1.991
2.224
2.106
4.263
3.698
4.668
1.008
4.813
-2.021
3.336
-1.008
1.314
2.940
-4.358
4.219
-3.343
2.643
1.627
3.603
1.301
-4.463
-4.492
3.823
-3.317
1.754
1.063
-2.848
s406g4x
2.639
-2.735
-1.352
-4.146
4.261
2.161
4.354
3.871
4.544
1.323
1.786
-4.489
4.752
-4.297
3.415
2.652
1.713
4.864
-3.753
3.714
3.688
4.940
2.366
-2.613
-1.008
-4.308
4.134
-1.448
2.126
-1.768
3.764
3.260
-4.351
4.073
2.601
1.817
-4.422
-3.191
4.482
2.322
2.521
-2.654
2.175
2.154
4.041
3.172
4.476
2.691
-4.113
3.170
4.979
3.712
4.334
1.089
1.285
-4.761
2.338
3.493
1.684
4.080
-3.347
4.358
-4.238
-2.075
4.720
3.080
3.274
1.563
3.407
-2.788
1.749
3.377
-2.800
1.483
2.061
-1.282
2.072
1.958
4.732
1.143
-1.504
-3.608
2.482
2.791
3.163
2.629
2.172
1.672
2.636
1.996
usqzniv
4.305
3.582
-2.725
1.598
2.480
1.459
3.762
-1.587
3.314
2.167
3.418
1.585
2.853
-1.833
1.632
3.971
3.448
-3.498
1.297
4.761
4.789
3.729
2.184
-3.762
3.796
2.432
3.489
-4.492
4.075
1.108
2.608
4.670
4.699