4.503
3.577
4.243
-3.650
3.439
-1.248
-4.545
-3.355
-4.372
4.033
4.007
4.913
-3.259
-3.233
2.737
1.590
-3.351
3.519
3.134
1.903
2.445
-1.089
-3.181
2.950
-3.223
-4.173
3.086
4.586
2.181
1.011
1.324
-2.649
4.736
2.422
-1.960
3.144
3.136
3.186
-1.161
3.517
-1.042
-4.967
2.833
2.766
2.168
3.114
-3.062
1.137
3.936
-4.601
1.477
3.979
2.766
-3.574
-2.275
1.086
2.382
-4.055
3.508
1.844
3.801
2.307
-3.048
4.457
2.116
4.311
-4.715
3.862
-2.642
3.261
-4.599
4.069
-2.267
-1.758
2.680
1.461
-3.064
3.845
3.525
-3.507
3.400
-2.121
1.352
1.171
1.920
4.765
2.901
-4.815
1.520
2.885
4.437
-2.352
1.847
4.301
4.399
3.383
1.103
1.139
2.344
3.436
-3.000
1.385
1.051
1.746
3.971
1.430
1.024
-3.861
1.696
1.688
1.224
-3.397
1.250
3.651
-2.605
1.670
4.199
4.428
2.241
3.070
-4.323
1.914
-4.364
1.266
-2.272
-4.345
3.439
1.918
1.079
2.372
1.570
2.702
-3.130
-1.922
1.521
-2.203
-4.490
3.479
-2.277
2.765
4.138
2.964
1.885
4.716
2.743
-1.006
-3.988
1.107
1.998
-1.695
4.706
4.103
3.541
1.094
1.293
1.584
3.617
2.022
4.576
2.168
1.389
3.920
2.037
-4.310
3.556
3.821
-4.089
-1.399
-1.865
4.892
-4.704
2.843
1.711
2.465
-3.965
-1.234
1.006
-2.290
4.639
1.745
2.421
4.480
-4.735
-1.025
1.726
1.398
3.163
-3.940
2.543
2.482
-3.720
4.339
-2.569
1.362
7bqzf0q
-2.686
-2.063
-4.079
1.815
3.865
-4.958
-1.575
-1.415
-3.401
2.774
4.596
2.729
2.180
3.546
-3.485
-4.628
1.500
-3.782
-3.779
3.147
-4.048
-2.022
1.304
4.131
-2.552
1.880
2.342
2.256
4.684
1.399
zcs_z4r
2.131
-4.490
2.247
-2.893
2.584
1.664
-4.726
2.318
-3.842
4.933
1.978
1.161
-2.720
3.049
4.315
-3.108
1.697
1.115
4.130
3.265
2.525
4.868
-1.027
3.347