-8.145
-7.501
-9.341
11.227
8.042
11.537
7.901
11.247
8.161
mjfk0c_
1phurho
-7.043
-10.324
-8.996
-7.228
11.597
11.532
pxpw5fo
10.015
11.312
7.656
10.292
-8.218
11.289
8.228
10.629
7.279
-10.335
11.765
7.756
11.268
11.424
-8.437
-8.550
7.760
9.564
11.568
8.957
8.999
7.388
11.573
-8.619
10.695
10.179
-8.307
-9.987
10.543
-10.307
-10.616
-10.044
8.361
-7.360
-10.941
9.150
11.629
8.901
10.218
11.272
9.400
-11.556
9.656
7.249
-8.964
11.044
9.108
-9.538
-11.542
7.068
-8.989
8.528
11.493
-7.997
-9.119
7.798
-11.225
7.504
_w76cga
7.707
-8.590
11.932
-11.745
-7.229
11.769
-10.966
11.092
-10.557
-8.724
9.700
8.929
8.793
7.654
11.419
10.055
-9.589
9.572
7.659
10.997
7.740
11.221
-9.172
10.504
11.991
9.422
7.350
11.378
10.364
9.889
-8.092
9.416
-11.439
hznyvxt
7.026
7.923
9.052
-10.508
11.173
8.932
-9.415
9.740
-11.800
8.690
10.780
9.810
9.842
8.489
8.632
11.867
9.535
-10.162
-11.147
-9.062
-8.644
9.394
9.956
-11.238
10.900
-10.030
8.472
-11.060
7.289
7.449
9.903
8.609
7.434
7.423
10.189
-11.654
-9.402
10.812
-9.230
-11.726
-8.023
11.007
-11.563
8.280
7.704
8.448
-8.656
8.463
-7.005
10.048
10.845
11.890
8.405
-7.047
-10.035
-10.799
-8.382
-10.634
10.348
7.701
-10.438
11.897
7.384
9.611
-7.238
-7.831
11.690
8.224
8.219
7.086
7.797
7.585
7.742
11.123
11.285
11.373
wl6nm5u
8.116
-11.984
11.615
7.816
8.275
7.080
8.112
-8.064
7.696
8.875
8.067
-10.335
8.427
-8.653
8.433
-9.353
-10.961
8.444
7.718
8.034
9.281
-10.215
11.956
7.059
10.813
11.300
10.800
8.565
11.144
11.059
7.503
10.267
7.359
11.899
9.218
11.924
10.975
9.349
10.229
9.340
-10.118
8.358
8.454
-8.102
8.296
8.475
11.876
7.769
-11.151
7.341
-11.560
7.628
-9.318
-9.011
-7.382
-10.850
11.538
-9.378
-8.170
11.791
7.259
8.954