11.892
-10.595
10.879
11.584
-11.371
10.523
11.391
-11.408
-10.002
10.275
11.890
-11.081
10.456
-11.875
10.669
11.921
10.465
11.166
10.038
11.096
10.032
10.915
10.547
-10.118
10.135
10.687
10.618
10.658
-11.937
11.869
10.605
10.006
11.158
11.660
11.277
-11.909
11.711
10.462
11.987
11.458
-10.533
10.112
-11.732
-11.527
11.008
-10.215
-10.990
10.358
10.929
11.587
-11.891
-11.280
-11.709
-11.706
11.837
-10.557
11.469
10.879
-11.247
10.835
-11.679
10.352
-10.246
-11.338
11.388
-11.897
10.458
-10.071
10.108
-10.339
10.975
11.373
-10.579
10.300
11.370
11.419
-11.899
11.148
11.988
11.089
10.912
10.214
11.877
-10.123
11.414
11.636
10.928
10.678
-11.345
-10.393
-11.959
-11.555
-11.803
10.722
10.504
10.345
11.887
11.044
10.971
-10.717
10.870
10.988
10.908
11.141
11.075
10.281
11.463
-10.516
11.998
10.935
10.749
10.628
11.402
lciku9b
-10.183
11.301
-11.666
-10.140
11.477
10.283
11.765
10.937
11.746
10.887
-11.060
11.660
-11.254
-10.933
10.524
11.620
11.345
10.721
10.860
11.016
11.742
11.228
10.081
11.220
10.591
10.237
11.098
11.056
10.583
-11.325
10.433
10.585
11.616
10.349
-10.993
11.727
10.475
11.628
10.249
11.286
11.009
11.407
11.032
-11.116
10.636
10.991
-11.436
11.801
10.905
11.385
11.457
-10.529
10.371
10.912
-11.175
11.423
10.282
-10.857
-11.753
-11.826
-11.728
11.090
10.750
10.017
-10.368
-10.739
10.944
10.642
10.464
11.604
10.922
10.993
10.235
10.929
-11.956
-11.059
11.293
-11.113
11.406
-10.854
11.882
10.102
-10.183
11.313
11.598
11.801
-10.893
11.874
10.994
11.281
-10.976
-10.908
11.298
11.802
-11.952
10.035
-10.641
10.271
11.960
-10.859
10.382
10.351
wq0_79d
-10.331
11.582
10.788
11.968
-11.522
-10.871
11.898
11.651
-10.521
10.219
-10.285
-11.151
-10.521
11.324
10.482
10.491
-11.893
-11.858
10.378
10.009
-10.333
10.193
10.895
11.253
11.813
-10.904
11.387
-11.973
10.506
10.562
11.053
10.094
10.810