11.179
-8.543
7.194
xvmjmh1
-11.643
r49bryr
8.647
-14.259
-7.536
6.577
7.305
6.496
-8.140
9.287
-5.554
6.881
11.310
10.757
10.903
-9.262
14.940
-13.914
6.338
14.882
-8.769
-8.154
10.113
8.445
6.037
5.186
7.028
8.624
-13.192
8.828
5.864
-10.293
-10.057
9.007
-14.620
10.115
14.451
6.135
8.652
11.253
14.685
-9.403
-13.030
10.275
-5.899
13.800
11.125
12.740
7.483
14.228
-8.778
8.797
-11.258
-11.577
9.779
7.089
7.107
10.140
-10.840
8.262
5.191
11.145
6.525
8.540
6.402
8.653
-7.088
14.598
-10.174
-14.565
t8e93wm
-11.548
13.869
7.232
13.427
9.165
12.044
7.255
7.951
-7.350
5.857
8.077
-12.946
6.107
5.575
5.989
6.893
7.956
10.218
-6.055
7.542
-14.349
9.698
-14.343
11.214
ie2fsk8
6.669
-11.114
10.671
-9.173
-12.672
-12.282
11.003
-5.150
14.492
9.623
14.422
8.077
11.753
12.814
-9.793
10.614
10.200
11.747
6.008
13.585
9.819
12.133
5.165
8.461
-10.745
-7.355
-10.930
13.215
6.313
-7.732
-12.478
8.091
-5.100
-11.757
12.668
6.026
10.669
10.921
-11.007
-7.966
9.375
6.767
-7.918
12.267
-10.589
11.794
13.446
-13.666
6.092
-10.433
13.304
12.663
-7.610
6.259
14.827
-7.385
-14.390
6.396
6.817
13.968
-5.502
5.980
9.979
-5.713
9.820
14.033
12.425
13.634
13.079
5.982
5.943
10.757
ooasfzd
8.543
pjj7wod
-9.585
11.317
-9.712
13.475
-6.586
11.044
ygmyphf
11.999
13.730
8.556
14.849
9.786
10.074
-12.144
-8.723
5.344
13.470
-5.427
-14.081
6.662
10.507
-12.189
6.459
-8.919
6.409
6.933
9.085
7.042
9.768
11.936
12.502
8.844
10.912
5.829
-14.178
-7.958
-7.962
8.675
10.706
11.095
14.196
11.251
qjrpi7d
-11.006
12.670
-5.711
11.316
6.850
12.926
11.604
-12.339
14.959
7.011
-13.930
13.124
10.146
-9.429
-6.415
-14.101
10.031
-13.847
12.828
8.518
7.421
12.964
-9.706
-11.987
10.593
-11.986
6.648
7onqs9l
-14.582
6.641
8.754
13.482