8.237
6.406
-7.928
7.988
9.247
7.848
6.248
7.033
8.879
-11.427
-6.727
7.900
8.621
9.710
9.238
6.593
-6.037
9.479
10.150
9.230
7.178
9.840
8.624
6.070
8.739
7.171
9.235
-9.553
8.893
-9.021
-9.529
10.707
-11.293
6.769
8.292
10.314
10.275
10.207
-7.637
-8.677
-6.537
9.795
10.436
11.601
9.682
11.611
9.591
-10.232
8.996
-10.567
9.161
8.524
7.195
8.365
7.610
10.559
9.185
11.988
-11.525
6.268
-8.869
9.862
-10.137
tu2u9qq
-9.110
7.531
11.194
9.587
6.771
8.271
vmwp5pv
11.427
6.563
6.097
8.826
7.239
7.992
-11.727
10.903
9.024
9.768
11.662
9.066
11.865
8.860
7.493
9.668
6.560
10.442
7.922
-8.746
-7.963
11.100
-6.879
6.913
-9.089
11.036
10.372
6.237
-9.857
-11.682
11.093
7.610
-6.460
10.696
9.088
6.045
-8.776
7.874
-6.817
8.329
7.388
-11.917
-11.252
9.889
-11.789
no4rjnj
9.745
8.218
-6.494
-9.552
8.331
9.112
-7.557
se28nhv
11.303
7.128
7.198
-10.444
10.297
6.068
6.513
10.223
8.099
11.655
-10.467
-10.588
-8.266
10.854
8.756
-10.828
6.087
7.689
8.697
nl_bmr4
9.052
6.592
11.913
8.279
-6.670
8.012
7.980
8.882
7.434
10.931
6.471
8.196
ja_g1gy
-7.972
-10.980
10.144
-8.972
7.740
11.300
-10.522
9.331
-9.075
7.879
8.679
-7.676
9.027
6.568
-9.286
8.328
-6.374
10.338
7.057
-11.687
11.667
6.533
7.799
-8.334
10.658
-7.342
-11.978
8.716
8.139
10.724
7.493
13vt0ww
-9.174
8.898
11.121
-10.858
6.456
7.759
11.932
-10.441
-8.010
8.352
-8.524
-7.181
-7.983
7.209
11.239
9.589
9.066
7.390
11.369
8.721
6.337
7.823
9.343
11.188
6.071
-6.126
11.757
-11.580
8.185
9.040
-8.983
-9.483
-9.842
6.709
11.250
10.986
-9.890
min9r7w
10.565
-8.540
9.355
10.851
8.658
co42ohj
7.085
8.703
7.930
7.107
9.768
9ybp99u
-7.776
-7.337
7.960
6.055
-6.300
6.910
7.970
6.410
7.496
-6.844