2.927
5.134
5.276
5.128
4.756
6.141
2.863
-5.220
2.404
d6dxswe
-3.588
-4.850
-4.906
4.882
-4.589
3.103
2.688
3.023
6.566
5.681
2.693
-2.237
3.474
2.813
-5.757
4.497
4.459
-5.046
2.325
2.079
2.642
6.312
-2.062
4.053
-3.199
udh1z2k
-2.246
4.538
3.684
5.291
2.949
-4.304
2.170
-4.823
6.459
-3.100
2.726
2.619
4.422
4.582
2.866
6.573
-2.569
-2.225
2.025
5.673
4.889
-3.982
3.064
-3.072
-6.407
-4.832
3.566
-4.082
3.811
-5.890
5.870
-2.268
5.798
2.637
5.931
2.966
6.041
4.843
6.764
-2.259
-4.600
-5.934
2.868
-2.495
3.326
-6.755
5.287
-4.934
-5.089
2.690
5.739
3.282
2.960
-4.786
4.555
5.533
3.056
-2.387
-5.383
6.333
5.054
-5.734
4.289
4.993
3.917
2.267
-4.191
2.647
3.520
6.826
4.805
2.090
3.762
6.279
-3.327
5.387
-6.145
2.487
2.009
-3.271
2.222
5.222
-4.704
-6.742
3.199
4.742
-4.498
5.191
3.551
-6.011
5.128
-2.757
5.044
5.935
-6.611
4.798
4.866
3.948
-4.960
-5.982
2.243
5.542
4.032
-2.055
3.263
5.954
3.620
3.838
4.084
4.994
2.213
-5.561
-4.808
-6.046
5.308
5.204
z768_d1
3.283
-5.096
5.794
5.604
3.988
-6.038
-5.255
-3.262
4.736
4.830
-2.940
4.010
2.719
5.625
2.809
3.718
3.808
-4.313
2.556
4.716
-6.268
6.751
4.767
2.864
-2.216
2.482
4.911
6.655
6.659
4.378
6.980
5.454
-2.479
6.254
4.315
2.965
5.662
6.860
-2.939
3.783
3.483
-3.908
4.013
-5.057
4.583
6.023
5.322
-4.732
6.604
3.610
5.777
-3.586
-6.249
-4.340
-6.285
2.849
5.109
5.771
6.992
-5.088
6.460
3.011
6.203
4.177
6.290
3.947
3.409
6.958
2.586
-3.398
-2.155
6.028
-5.682
5.213
-5.531
4.906
-3.832
4.359
4.796
4.459
-3.926
6.951
msuimba
3.903
-3.966
2.679
6.269
-6.892
-5.448
2.940
-3.633
5.957
4.458
5.011
6.125
5.109
-3.806