10.139
2.559
5.707
-1.008
10.014
7.895
-8.589
9.620
7.333
2.768
tw6st5g
-2.819
11.981
6.743
4.275
4.725
-1.601
5.908
7.783
5.745
9.246
-8.948
4.748
8.224
7.309
-3.270
6.489
-1.216
6.898
-5.642
-4.117
6.959
-9.836
2.191
__jfm15
-6.418
9.243
-1.543
3.035
11.220
1.225
-2.270
-1.325
1.840
4.929
-2.634
-9.482
1.329
4.414
-3.637
5.847
3.336
11.503
10.038
3.508
-7.756
6.740
5.953
5.086
6.447
-6.229
-8.712
9.641
6.923
cjazkty
-9.051
3.895
-9.984
-9.179
-7.602
8.375
7.764
8.260
-3.346
-2.162
-5.685
3.653
-10.138
3.025
7.279
-9.361
3.307
10.697
-5.671
1.782
6.922
-2.450
-11.251
-8.674
1.023
4.415
7.217
-11.142
-4.669
4.238
8.572
10.256
-9.067
-5.058
-6.271
2.905
1.433
8.321
8.366
6.633
1.873
11.918
8.032
3.535
8.269
6.497
-9.585
-9.441
-8.037
11.314
0yntgr8
11.659
9.557
-11.893
-3.148
6.394
-5.970
11.619
9.058
10.185
8.384
2.607
6.191
-1.362
abcagp2
3.599
1.750
8.759
-1.186
-2.719
1.601
1.194
9.151
3.636
-4.595
-10.973
11.297
-6.415
7.314
-3.876
4.197
9.018
5.894
2.657
2.892
1.526
-10.789
-5.585
-5.681
-1.320
-3.817
4.341
9.145
1.210
-5.353
5.184
2.048
10.247
9.824
-11.278
9.066
9.496
2.898
8.945
8.873
-2.799
-9.951
-6.194
6.657
-2.255
-4.000
5.982
lbwqqwc
4.576
7.311
10.057
11.482
9.682
7.690
4.135
-3.107
-9.794
11.285
11.451
-10.885
-5.760
-6.148
11.662
10.096
6.236
1.823
3.631
10.177
5.243
6.884
7.879
-3.826
7.148
-3.930
-1.763
1.914
-5.905
4.219
4.998
-1.435
1.446
3.566
4.410
-6.692
-2.452
11.099
8.483
5.650
-11.695
6.526
8.487
2.712
3.981
-11.941
4.602
5.442
-9.196
2.636
11.917
-10.631
-2.367
9.396
4.699
-7.449
3.959
6.980
10.812
9.201
-6.378
-2.516
4.027
5.319
5.005
6.640
-4.893
-6.373
-5.640
-1.894
-3.750
7.408