5.230
5.762
-4.803
5.064
5.137
4.191
-3.618
3.513
4.803
5.252
-5.082
-4.660
4.316
3.330
3.887
5.617
5.848
3.126
-5.309
5.152
4.189
3.203
4.927
5.185
3.827
4.053
5.015
3.401
-4.347
3.241
3.771
5.518
3.459
-4.694
5.868
-4.162
3.109
-3.133
5.049
3.604
5.823
-4.021
5.427
-5.803
3.539
x99ueb2
4.903
5.186
-4.729
8nqh7o0
-4.761
3.059
3.617
-5.020
-5.068
5.984
5.691
4.591
hzs8ka1
5.683
5.638
3.805
3.288
3.372
5.106
4.434
5.251
4.738
3.317
-5.553
4.235
5.650
3.209
-4.691
-5.232
4.142
-4.613
5.334
4.269
3.432
-3.243
-3.571
5.822
-5.854
4.838
5.767
3.717
-3.614
-3.302
3.249
3.276
-4.481
4.134
5.366
3.967
5.747
4.633
-4.972
4.805
3.393
5.022
5.395
4.150
5.599
4.488
-5.358
3.639
4.121
siausqj
4.747
4.459
-3.639
-3.154
5.996
5.224
5.881
-5.944
-3.264
3.458
5.418
3.202
-4.254
3.771
4.191
5.278
4.713
-3.214
-3.721
3.874
-3.022
4.857
ccjwr57
5.745
-3.266
-5.880
-4.842
-5.507
5.397
rmt_yie
3.438
-5.677
-5.953
-3.298
-5.171
5.700
5.428
5.913
-4.522
3.113
3.703
5.258
3.059
4.830
-3.211
-5.354
3.255
4.295
3.698
-4.592
5.544
-5.826
3.910
-5.400
3.103
4.493
4.585
5.408
5.448
-4.402
5.591
-3.277
4.793
3.984
ls2t9ec
3.132
4.394
-4.161
4.795
4.907
5.332
5.605
3.649
-4.099
-4.485
4.824
-3.097
4.206
5.345
5.091
-4.100
-3.696
-4.398
5.674
3.670
-3.863
-3.140
4.552
-5.673
-3.755
-5.833
5.408
5.930
-5.877
4.098
4.038
-5.313
3.253
4.130
3.354
4.191
4.335
-3.640
-5.732
-5.673
4.515
-5.566
-3.683
-5.216
4.928
5.767
4.995
5.608
-3.750
4.437
2e_nku0
3.792
-5.683
-3.633
-5.234
-3.868
-4.061
5.635
3.369
5.095
3.757
rpfeba9
3.669
-5.305
4.876
5.515
-5.136
5.665
3.672
3.137
-3.390
-4.211
5.164
4.494
5.599
5.106